./resumbk_mve.sh 4.809196415177616 29.49790244845301 127.30490198353516 31.02042172057606 0
./resumbk_mve.sh 4.815316923406175 29.63617986061833 122.99797852563808 30.36761812631226 1
./resumbk_mve.sh 4.915963723551347 29.295184564988677 125.79481845409562 30.556889251941154 2
./resumbk_mve.sh 5.054717095230512 29.46631438263407 121.05126649131591 29.282882735483746 3
./resumbk_mve.sh 4.869852765522312 29.45578033393576 125.80678917844506 30.79414746075371 4
./resumbk_mve.sh 5.087563484118156 29.66784312189841 122.55999458226121 29.39933126092044 5
./resumbk_mve.sh 4.828501676496446 29.529203802193425 121.75415977264628 30.273423186692217 6
./resumbk_mve.sh 4.946093802816215 29.574742913335253 120.67902339589868 29.944525475101987 7
./resumbk_mve.sh 4.84082491752793 29.528747571845123 125.17973392340829 30.689843119391 8
./resumbk_mve.sh 4.861276516472787 16.844803863161303 136.13291455804983 35.64182717702907 9
./resumbk_mve.sh 4.878684317862307 29.46706160847792 121.8910866583075 30.26511010376496 10
./resumbk_mve.sh 4.825402570685857 29.504009420365193 124.62230240920259 30.89505879104706 11
./resumbk_mve.sh 5.773860224467705 11.829972644738916 126.21167088978885 31.682890159809975 12
./resumbk_mve.sh 4.6555659814159265 29.654597118798144 127.44970559630335 31.80111295004294 13
./resumbk_mve.sh 5.776310461761719 11.909451103822668 123.84747341218751 31.243670692880393 14
./resumbk_mve.sh 4.78089852340223 29.508461402877998 129.5616246655505 31.94819722299121 15
./resumbk_mve.sh 4.694953472282813 29.56087896480864 120.53466101433285 30.3400536642643 16
./resumbk_mve.sh 4.900356473988752 29.58311522373756 125.10743346066262 30.325587360185597 17
./resumbk_mve.sh 4.6897067840349616 29.514151665461654 120.72318055410759 30.453107519492022 18
./resumbk_mve.sh 4.579992749277532 22.507076418416908 132.89575898889188 34.474667335542506 19
./resumbk_mve.sh 4.827981484443218 28.989601428132854 126.61438649984132 30.90901607768365 20
./resumbk_mve.sh 4.692875217421623 29.49873964271824 130.60360024678403 32.54400149525367 21
./resumbk_mve.sh 4.688077481011922 29.61090688138387 125.5161514215854 31.22173863461486 22
./resumbk_mve.sh 4.977590356313879 24.977045991744582 126.51242737124068 30.88508103032435 23
./resumbk_mve.sh 4.6713248050233345 29.58745665844038 123.75265245336185 31.069109901435763 24
./resumbk_mve.sh 4.923502073992977 29.50433654067259 121.06542940546967 29.689522125303323 25
./resumbk_mve.sh 4.9535387602405105 29.544310651058225 121.05143253489001 29.63300461442903 26
./resumbk_mve.sh 4.7714812396975175 29.101240739640087 123.26740666832349 31.10322904131827 27
./resumbk_mve.sh 4.6986796791151155 29.588933658545198 123.49212419875882 31.070237105452037 28
./resumbk_mve.sh 4.99989861179312 29.576233818648742 122.67342347741345 30.33326171641054 29
./resumbk_mve.sh 5.178422818300476 24.994156065867294 127.85066688671205 30.76479482256664 30
./resumbk_mve.sh 4.941743371369564 29.54934924923335 118.804915584764 29.160274360045868 31
./resumbk_mve.sh 4.882902136377882 29.53449440490298 124.81600461928005 30.748768305336306 32
./resumbk_mve.sh 4.926302295465212 29.578637778643415 122.77253173182605 29.894837191560352 33
./resumbk_mve.sh 4.819919931419627 29.451858721877226 123.23058614478882 30.47676796817356 34
./resumbk_mve.sh 5.051972384476416 29.501919781225332 124.74318259513544 29.549777352498 35
./resumbk_mve.sh 4.806878869733746 29.462031999912845 129.1443402397604 31.431991914903115 36
./resumbk_mve.sh 4.924136198978628 36.99377477785805 120.42728995443706 28.761696487471863 37
./resumbk_mve.sh 4.953390317209223 29.57595602554465 123.6992117786679 29.984731509214754 38
./resumbk_mve.sh 4.87156508325185 29.671564274039877 124.05275133782303 30.441251673893287 39
./resumbk_mve.sh 5.112603414280432 25.059804441500056 126.15824566719725 30.729599061507503 40
./resumbk_mve.sh 5.1126508575911895 29.544714027563163 123.93834436438567 29.629377366286654 41
./resumbk_mve.sh 4.513271088651919 37.081123400722134 126.02115240981058 31.138180724625744 42
./resumbk_mve.sh 4.729166133415779 29.4780365097823 124.43585740235751 31.282402706071878 43
./resumbk_mve.sh 4.771871885423222 29.380247528376355 126.79855043228315 31.63939216793264 44
./resumbk_mve.sh 4.803323900251408 29.635407570279153 128.35352077798458 31.450175911598905 45
./resumbk_mve.sh 4.95217328250309 29.408719386410564 122.61594643399151 29.952403389392178 46
./resumbk_mve.sh 5.036449735498834 29.527695889574844 125.95372335863674 30.20560395791602 47
./resumbk_mve.sh 5.211976230743247 14.99675069738438 133.842452935473 33.66749559420561 48
./resumbk_mve.sh 4.708777328912417 37.0192896402795 121.7955647178652 29.9059901368312 49
./resumbk_mve.sh 4.976804137356075 24.930534985750796 124.88108460917961 30.624167583557963 50
./resumbk_mve.sh 4.813880981143114 29.436396771170187 119.83730288883217 30.45802012510589 51
./resumbk_mve.sh 4.7776296349820795 29.23469025955161 126.32964415327713 31.158032805320243 52
./resumbk_mve.sh 4.95416431722936 29.548844433899934 126.30008267387593 30.60996285496863 53
./resumbk_mve.sh 4.78554747573348 29.61149242638663 126.24470140025832 31.460241979932665 54
./resumbk_mve.sh 4.828123225623066 29.468373250034475 124.87471814285018 30.66477097407602 55
./resumbk_mve.sh 4.768940981080404 29.54255510515091 126.15844306897691 30.802862697116232 56
./resumbk_mve.sh 4.811035485415727 22.310394709923628 134.55570537360765 34.09340053807693 57
./resumbk_mve.sh 4.981536202522991 29.540573633176848 125.09504997123746 30.073033637602528 58
./resumbk_mve.sh 4.844921530347581 29.576638099360693 124.64134061976584 30.860741802992564 59
./resumbk_mve.sh 4.7682213232694535 29.51789189536084 126.72722519008218 31.151825350264993 60
./resumbk_mve.sh 4.970574977989201 29.501135866520162 122.57524852902644 29.752005271871234 61
./resumbk_mve.sh 4.862907815617538 29.494550739382984 124.30772688065275 30.72362535246961 62
./resumbk_mve.sh 5.088107300514168 29.462100290273867 120.34849476522815 29.325158470491015 63
./resumbk_mve.sh 5.064957835131602 29.442254811824995 121.42154676036247 29.41655565669111 64
./resumbk_mve.sh 4.374640076737103 31.782397717340523 133.69753666013767 33.65844008299525 65
./resumbk_mve.sh 4.961012527148869 29.580918031323726 120.91451432511177 29.061902130158472 66
./resumbk_mve.sh 4.712887966279667 29.098353657649227 126.0385665208673 31.906521950149294 67
./resumbk_mve.sh 5.1102476306834825 29.617732050405113 120.8645210038346 29.28618209217663 68
./resumbk_mve.sh 4.746993612715627 29.144621789751174 124.82086161490392 30.9400763302338 69
./resumbk_mve.sh 5.581950377850599 11.898079286002533 129.74725784168172 32.77600853709558 70
./resumbk_mve.sh 5.646809975910272 11.965174232678685 129.09525020114856 32.445728370198296 71
./resumbk_mve.sh 4.935630041928385 29.444439222782858 122.71565006895206 30.402350541079016 72
./resumbk_mve.sh 4.574031016253754 29.519999011421536 129.1466541324902 32.252032280645494 73
./resumbk_mve.sh 4.631919516785818 29.039272705306118 128.85787280290555 32.05807908799105 74
./resumbk_mve.sh 5.012202920456538 29.51566707461428 120.29038107624291 29.510491552711944 75
./resumbk_mve.sh 4.86476193682384 29.55271020197559 123.12593371036617 30.546982168272056 76
./resumbk_mve.sh 4.783804948891924 25.009844208848726 132.01783188026235 32.76099192299625 77
./resumbk_mve.sh 4.7722666247644625 29.550644487949032 122.99345571084865 30.20235263844976 78
./resumbk_mve.sh 4.845745065527466 29.483794457491836 123.94608405650436 30.78759561343571 79
./resumbk_mve.sh 5.012090834879314 29.542488956081804 120.78287558530276 29.335118975405504 80
./resumbk_mve.sh 4.7648576977456765 29.552080333459045 126.79116630586435 31.45067518014944 81
./resumbk_mve.sh 4.886538258082871 29.516904252722256 120.94182119894676 30.14795322076386 82
./resumbk_mve.sh 4.866913085999384 29.49503759508904 122.89716423011254 30.308003327544156 83
./resumbk_mve.sh 5.042335548474525 29.530197286353186 121.50026713310734 29.57210014004567 84
./resumbk_mve.sh 4.769064137401328 29.69778311568174 128.68528255020163 31.666960159756226 85
./resumbk_mve.sh 4.849985123574508 29.485627307505183 119.79864851091268 29.888957011508204 86
./resumbk_mve.sh 5.092634982104879 29.462415339492516 122.99529163028033 29.68224740087148 87
./resumbk_mve.sh 5.045946198455539 29.565564218141702 122.67449466117736 29.93015026784075 88
./resumbk_mve.sh 4.881439982440629 29.546220842583608 122.09870212878363 29.89396249630304 89
./resumbk_mve.sh 4.917608552667995 29.44740451947338 122.60778469726577 30.030973362389506 90
./resumbk_mve.sh 4.530829834958648 29.109199563048815 135.09635628374468 33.701495590457384 91
./resumbk_mve.sh 4.969158931367984 29.51792444898563 121.04337333941713 29.81049884498385 92
./resumbk_mve.sh 4.709069017253058 22.262270351358744 133.893426017312 34.09551649424535 93
./resumbk_mve.sh 4.772628289800725 29.51213608250739 122.55559286990612 30.59705776087022 94
./resumbk_mve.sh 5.139810449245009 29.49187223473124 124.53115239460648 29.739415963573975 95
./resumbk_mve.sh 4.706262604866611 22.196435781684887 133.99896681146274 34.1373676242974 96
./resumbk_mve.sh 5.060091975638023 21.924841443704295 129.36801408722778 31.46883896248284 97
./resumbk_mve.sh 5.071309521439344 29.41631476556964 123.5880378504762 29.44091987911087 98
./resumbk_mve.sh 4.991011306311874 29.649800649693884 124.02282281613003 29.930176108214688 99
