./resumbk_mve_2.sh 3.952250438763359 63.463338594713534 130.16058961453533 32.39954085133754 0
./resumbk_mve_2.sh 3.8931196202777896 71.10414856811353 129.77046990459124 32.59180783703324 1
./resumbk_mve_2.sh 4.231574830973105 50.2021857539852 129.84648783312312 31.537831442928287 2
./resumbk_mve_2.sh 4.02621387604828 79.98932117920715 126.24924215885099 30.84005652802637 3
./resumbk_mve_2.sh 4.070695794936111 60.604179059015564 130.11388548936972 32.38337773577331 4
./resumbk_mve_2.sh 4.154911690151867 65.10735785848456 129.67186882425025 31.436941774734652 5
./resumbk_mve_2.sh 4.0824631866838255 62.5049041679754 130.16889505798474 31.977011361657443 6
./resumbk_mve_2.sh 4.183196052300965 61.017950279596484 129.98112566576015 31.249085586122032 7
./resumbk_mve_2.sh 4.0472771912747305 72.59752498132922 129.88538715239002 31.67471603245242 8
./resumbk_mve_2.sh 4.0757594027366615 58.72192126544198 129.41643463876687 32.28379546429246 9
./resumbk_mve_2.sh 4.077579563473531 75.04126578580737 125.82924733618684 30.30327984912208 10
./resumbk_mve_2.sh 4.182971254388476 70.34942702119687 126.18650207694652 30.77007896711875 11
./resumbk_mve_2.sh 4.327665979341568 46.47744760223672 130.07651879656524 31.40674531938244 12
./resumbk_mve_2.sh 3.8952170495596157 61.89992373838831 130.11673378680217 32.81739002443792 13
./resumbk_mve_2.sh 4.128004519883943 50.61102913926578 129.86263910043292 32.72750132506684 14
./resumbk_mve_2.sh 4.195136346436326 55.683709164810466 130.08890188117653 31.676750586528605 15
./resumbk_mve_2.sh 4.237057779478033 61.75662086581375 126.14679141771673 30.397918831006002 16
./resumbk_mve_2.sh 4.342055019468865 50.088465520309136 125.62440265738542 30.68695560915479 17
./resumbk_mve_2.sh 4.024460662206456 64.95156919563215 126.73429470649873 31.25886042276225 18
./resumbk_mve_2.sh 4.1504381622699835 63.71171321443982 125.92644880721087 30.640517890272225 19
./resumbk_mve_2.sh 4.160368774172901 54.52710206454309 130.0487939249406 32.26999145489231 20
./resumbk_mve_2.sh 3.9514134282678577 58.34474610755893 129.87927081978984 32.445183447393916 21
./resumbk_mve_2.sh 4.174631899366325 79.27561346525931 120.89509621244935 29.57121563457847 22
./resumbk_mve_2.sh 4.067118234248898 59.99320483553125 129.77129033423867 32.145854783547975 23
./resumbk_mve_2.sh 4.051491279782512 63.27972015297799 126.49280278203237 31.373103229109994 24
./resumbk_mve_2.sh 4.144852178755154 56.06503203469173 126.64416641790214 31.569887286067353 25
./resumbk_mve_2.sh 3.9779005371074008 68.11687244394159 126.10043205335386 31.478215319455085 26
./resumbk_mve_2.sh 4.115553236149235 62.238594585524474 129.57796564352506 31.918377182457917 27
./resumbk_mve_2.sh 4.187919713620382 59.913605755729414 129.22070981553705 30.858649823761493 28
./resumbk_mve_2.sh 4.065949087034525 64.17546362540509 129.92910488102535 31.871350452632253 29
./resumbk_mve_2.sh 3.9520576375722487 57.399098705098375 130.0471896423151 32.80019193438357 30
./resumbk_mve_2.sh 4.033110860115811 73.07585514047923 125.56228805053213 30.22112125579305 31
./resumbk_mve_2.sh 3.892917384397092 77.76445410984554 130.01765135275954 32.06345497818786 32
./resumbk_mve_2.sh 4.09157885218033 57.68052663266543 130.47061988008042 32.34903025000275 33
./resumbk_mve_2.sh 4.012262228827563 70.3936778972466 129.71780951920627 31.439006856527502 34
./resumbk_mve_2.sh 3.8171945635501268 79.55221103627326 129.5420514746188 32.14361849109952 35
./resumbk_mve_2.sh 3.985233793443691 62.87921977751812 130.15336758297923 32.30494837073662 36
./resumbk_mve_2.sh 4.2647271964792015 54.01351200245489 129.95510529484488 31.266644459564688 37
./resumbk_mve_2.sh 4.099457467267194 68.03892376548627 121.17513890938083 30.303268540653434 38
./resumbk_mve_2.sh 4.185443825261936 61.674547599582176 130.1064160150964 31.23248493389457 39
./resumbk_mve_2.sh 4.261086228896616 64.25832978582841 126.23877744596788 30.05546618712995 40
./resumbk_mve_2.sh 4.0757012693424 59.64982421413009 130.2048656906006 32.31628498925528 41
./resumbk_mve_2.sh 4.041363854154925 63.278288100576376 126.99333668837161 31.121091710136884 42
./resumbk_mve_2.sh 4.271177420481864 57.57918691943274 126.18035684818155 30.59218448400045 43
./resumbk_mve_2.sh 4.043071534592129 60.62248490986456 126.64407017672494 31.14041303269371 44
./resumbk_mve_2.sh 4.071640803360629 73.46885918796535 126.11944206931778 30.702097848194306 45
./resumbk_mve_2.sh 4.217752678542508 57.696094505853985 129.54829207724453 31.15079786383707 46
./resumbk_mve_2.sh 4.099824725878134 53.2060823319998 129.5667686893383 32.39242540526225 47
./resumbk_mve_2.sh 3.927430345685721 68.43036915135373 125.92443510551966 31.698383595635843 48
./resumbk_mve_2.sh 4.471570377918352 45.537357116146566 125.91225668294821 30.71112997196422 49
./resumbk_mve_2.sh 3.836843552198625 79.49694186135294 129.59939648631934 32.457174345125054 50
./resumbk_mve_2.sh 4.053011458573436 62.50181152428065 129.91168274952858 31.838972547722772 51
./resumbk_mve_2.sh 3.9773506548070006 79.22404621587589 129.3309476816979 31.51955361855571 52
./resumbk_mve_2.sh 4.1904746028612285 63.13399151113299 126.51391020448233 30.510701338429957 53
./resumbk_mve_2.sh 4.124895119570407 54.413784509123644 130.16680941235 32.092330683423796 54
./resumbk_mve_2.sh 4.069171227268946 77.29535686055374 121.03230549591801 29.605216753218652 55
./resumbk_mve_2.sh 4.192423967197888 58.11175719008437 129.91755272563307 32.095983478436224 56
./resumbk_mve_2.sh 4.080814027587794 64.2630472189695 125.87452288063943 31.055132664929744 57
./resumbk_mve_2.sh 4.039963240490727 74.65919901736488 130.4439276727029 31.46480813368878 58
./resumbk_mve_2.sh 4.1085336989147985 60.01730414066068 130.16607921874598 32.20686424896418 59
./resumbk_mve_2.sh 4.240746842702198 64.33976333824994 125.69388236417662 30.506613431874715 60
./resumbk_mve_2.sh 4.017768744121194 75.45633827445181 125.82788741388114 30.336668615862436 61
./resumbk_mve_2.sh 4.105960436787836 63.843538283662475 129.9908156634372 31.599896656714115 62
./resumbk_mve_2.sh 4.219183475278159 60.65987786196429 129.56069412126868 30.91322152071197 63
./resumbk_mve_2.sh 4.260831130620657 54.86909376292786 130.27303258999524 31.887044949466443 64
./resumbk_mve_2.sh 4.08355265959498 63.07359688150213 126.29422048400633 31.284789989821515 65
./resumbk_mve_2.sh 4.9972529342256635 24.897452406233008 129.63604985927685 31.436942518969953 66
./resumbk_mve_2.sh 3.9727589331342155 69.22165210521788 129.6526141007723 32.060263935351315 67
./resumbk_mve_2.sh 4.165518521065672 67.43204426787322 126.04312014996182 30.324334585659063 68
./resumbk_mve_2.sh 3.8335147246212813 74.98713185927828 130.22904168234697 32.63503852499348 69
./resumbk_mve_2.sh 4.2065330825877885 77.60616157949295 121.63911098014133 29.328930322442293 70
./resumbk_mve_2.sh 3.9531781662407544 79.92349526902379 130.43176104339565 31.737097285626945 71
./resumbk_mve_2.sh 4.1670947593490855 66.20026895192667 126.18459390015677 30.28325056563255 72
./resumbk_mve_2.sh 3.9407873677959544 59.76325353586564 130.16729418229315 33.32364347603681 73
./resumbk_mve_2.sh 4.03647973959755 63.2895462745207 130.07975959223148 31.87089711943998 74
./resumbk_mve_2.sh 3.9830683439071928 74.15714383690022 130.67582329610522 31.49971011564407 75
./resumbk_mve_2.sh 4.067311269483659 62.71792578198593 125.75728262700643 31.453148417616838 76
./resumbk_mve_2.sh 4.2749440792406865 54.95970690986362 125.97083556901212 30.691062094439364 77
./resumbk_mve_2.sh 4.195346449269425 59.06373624228824 129.7735685016079 31.616316874739017 78
./resumbk_mve_2.sh 4.019824759057805 59.324183815287 130.02420138691943 32.12454544652775 79
./resumbk_mve_2.sh 4.199671694870052 64.16065072151429 126.11869414890761 30.4097480214483 80
./resumbk_mve_2.sh 4.111335898337418 67.29315492474717 129.73851902706446 31.048077126850284 81
./resumbk_mve_2.sh 4.8299774642585565 24.263516355004448 129.85918719746104 32.09409198466583 82
./resumbk_mve_2.sh 4.8065326220063564 26.710328842087243 129.84401942233907 31.999379648350082 83
./resumbk_mve_2.sh 4.06512524104298 56.15119449703769 129.61242070872953 32.1245033613555 84
./resumbk_mve_2.sh 4.21016557028022 60.782034863046775 129.95276532604547 31.562604465225835 85
./resumbk_mve_2.sh 4.109181565012411 74.98759572650106 120.95788733306748 29.239966137965215 86
./resumbk_mve_2.sh 4.004288595066225 73.36879852218142 129.90634534470647 31.648286296471685 87
./resumbk_mve_2.sh 4.163177060167749 61.33724822843725 125.77462560131544 30.87348605156952 88
./resumbk_mve_2.sh 4.128793495340942 70.68240764366787 126.49516966313546 30.667862861981995 89
./resumbk_mve_2.sh 4.116427967655013 54.25147783327995 129.84167634938441 32.41041055213754 90
./resumbk_mve_2.sh 4.140374355503875 74.4918560199608 129.4031312847809 30.559091729072076 91
./resumbk_mve_2.sh 4.877803040211895 24.407018196265785 129.8472356199878 31.96770905241577 92
./resumbk_mve_2.sh 3.9671692257768925 64.66015094542135 130.45280432369492 32.20976104749683 93
./resumbk_mve_2.sh 3.8710139107114827 67.76210008823102 129.8056174616465 32.549702047114216 94
./resumbk_mve_2.sh 4.080646583489298 76.35980649085457 126.39054735490603 30.521498000552292 95
./resumbk_mve_2.sh 4.109749397796903 53.24833544834723 129.76106607183362 32.35161363085213 96
./resumbk_mve_2.sh 4.0582598031244075 59.270969753820374 129.8949095278067 32.02949678205767 97
./resumbk_mve_2.sh 4.169393755657492 52.63934758517298 130.5409504150145 32.401859733585304 98
./resumbk_mve_2.sh 4.268602792168537 60.01364071038373 129.93415546622447 31.06169682367919 99
