./submitresumbk_nlohh_fitc_c.sh 87.9144106836466 114.15380330950777 22.892444064092977 5.945575717451404 1.2623451317493541 0
./submitresumbk_nlohh_fitc_c.sh 87.67840345467437 115.78218521837886 22.700163727582865 9.192268843783243 1.1714046843228885 1
./submitresumbk_nlohh_fitc_c.sh 83.32188382767215 114.5571423393934 23.444069146743413 9.97190580729244 1.338930555162674 2
./submitresumbk_nlohh_fitc_c.sh 90.51593484546116 116.28361881371723 22.29204728256677 7.195555516560613 1.1722714895479451 3
./submitresumbk_nlohh_fitc_c.sh 88.99107566520502 121.97335151249773 23.940312323731717 6.018234681026874 1.2329300515417216 4
./submitresumbk_nlohh_fitc_c.sh 87.8942595148881 117.98348391313343 23.617865773987894 7.603891052688253 1.2507504758837513 5
./submitresumbk_nlohh_fitc_c.sh 88.24782766300923 117.14679493597193 23.065382494053374 9.471296777634631 1.2043052951568876 6
./submitresumbk_nlohh_fitc_c.sh 87.85176018663986 118.22942332476057 23.428982052454863 7.620913569371484 1.2515044729831397 7
./submitresumbk_nlohh_fitc_c.sh 87.09575831224562 109.16075967445646 22.205490778457897 7.173307134331139 1.2825334274807458 8
./submitresumbk_nlohh_fitc_c.sh 91.6687531093687 116.38452615288189 22.034149495567554 7.80474421417919 1.1442814695204115 9
./submitresumbk_nlohh_fitc_c.sh 90.63862174263423 114.62654167188319 22.298999716459694 9.385291073976793 1.2418923899642922 10
./submitresumbk_nlohh_fitc_c.sh 84.01319704697572 115.53949812383543 23.1904647669293 9.907662641603538 1.2252303052404168 11
./submitresumbk_nlohh_fitc_c.sh 87.50765438724352 116.82298578124788 23.342459111735717 5.763221729667246 1.245780120832635 12
./submitresumbk_nlohh_fitc_c.sh 86.32157716316593 121.794643862375 24.264316129866778 7.132156575726546 1.2439747582980054 13
./submitresumbk_nlohh_fitc_c.sh 86.45304416316382 116.99150932469344 23.304067608178887 6.413526914462124 1.1966987833898044 14
./submitresumbk_nlohh_fitc_c.sh 88.11049059068772 120.04548784295805 23.605676521484078 7.260730302551268 1.2145457998649751 15
./submitresumbk_nlohh_fitc_c.sh 86.94853674960308 119.94154326873283 23.79276369115219 6.067450782619586 1.2266479933332326 16
./submitresumbk_nlohh_fitc_c.sh 86.79599213881316 116.87606831292743 23.46400264770758 8.016103779550518 1.2830589045010599 17
./submitresumbk_nlohh_fitc_c.sh 87.79234788446442 115.56723272484727 22.74986772471998 5.818834609823412 1.220378908593943 18
./submitresumbk_nlohh_fitc_c.sh 87.88059898333945 117.91990457128115 23.213862272389296 8.551227822077918 1.1505455975047894 19
./submitresumbk_nlohh_fitc_c.sh 88.62431840099133 114.30169817822404 22.17622273724225 9.641165652743181 1.1543681717259149 20
./submitresumbk_nlohh_fitc_c.sh 90.58948988931714 119.75192603849185 22.819612866283702 7.28285055425939 1.1984828011538138 21
./submitresumbk_nlohh_fitc_c.sh 90.20721852582777 117.21463904133994 22.415603006826135 7.398320344655916 1.2106018706280195 22
./submitresumbk_nlohh_fitc_c.sh 89.67037230134464 119.30507032257344 23.179691209503606 7.815780384939916 1.165072100935985 23
./submitresumbk_nlohh_fitc_c.sh 87.51682847719543 116.70719862795347 22.9271635664039 8.692360066789075 1.1840016699481308 24
./submitresumbk_nlohh_fitc_c.sh 89.77180089049689 116.82722041001684 22.531718363687013 6.955255702667993 1.1808948899920844 25
./submitresumbk_nlohh_fitc_c.sh 87.63685910286597 115.35908542344194 23.165104731150677 5.062646039701167 1.2195925913050183 26
./submitresumbk_nlohh_fitc_c.sh 85.47836872786863 119.0819208040924 23.898310292303666 8.13653591759518 1.2753585322317702 27
./submitresumbk_nlohh_fitc_c.sh 88.68359219209144 115.2870391372101 22.450050589265505 9.828359758165899 1.1723431318894788 28
./submitresumbk_nlohh_fitc_c.sh 85.63647551747732 114.61782489138167 23.043486104534395 7.973255243828729 1.2349862244625347 29
./submitresumbk_nlohh_fitc_c.sh 88.40800079009777 121.73411899709545 23.683201545911572 7.881844202469411 1.1541313133536564 30
./submitresumbk_nlohh_fitc_c.sh 85.07172118365351 119.34383759637589 24.154631445942186 5.996200108888689 1.2159590953659365 31
./submitresumbk_nlohh_fitc_c.sh 86.07475418559953 116.26407191242744 22.902294216067144 9.814769483146026 1.2218851378751319 32
./submitresumbk_nlohh_fitc_c.sh 89.9546923995163 118.45131147769804 23.06522123090052 7.033026753976175 1.2091452378329062 33
./submitresumbk_nlohh_fitc_c.sh 85.9177428780372 114.39819597383263 23.379906051032115 6.308584896306663 1.261673603110786 34
./submitresumbk_nlohh_fitc_c.sh 86.21616520816315 112.68604430501482 22.529733385478142 8.70982693582534 1.2407605028296447 35
./submitresumbk_nlohh_fitc_c.sh 88.65345911318336 120.11624458466461 23.63778672970657 6.7166739492272365 1.1831504558033037 36
./submitresumbk_nlohh_fitc_c.sh 87.06053401023178 114.83778681556512 22.66777598962774 9.055114311427834 1.1892617040443418 37
./submitresumbk_nlohh_fitc_c.sh 90.23174894626193 122.02903166612457 23.180063090236743 4.83731967692239 1.1908011567021368 38
./submitresumbk_nlohh_fitc_c.sh 89.73223408636912 117.77395798041036 22.59116867765791 7.131187490245483 1.181247273561497 39
./submitresumbk_nlohh_fitc_c.sh 89.81307831260983 118.79106909300518 23.054083188544197 9.73811540100087 1.2326658997282514 40
./submitresumbk_nlohh_fitc_c.sh 84.4584789823397 118.50604823184564 24.003388392067684 8.624891066084679 1.2078613707277244 41
./submitresumbk_nlohh_fitc_c.sh 87.89089912834437 114.48702834891323 22.543424893553325 9.80532145830097 1.195587741501483 42
./submitresumbk_nlohh_fitc_c.sh 88.77495484340442 120.44950233682374 23.327249458263157 6.834737595453584 1.219099123911535 43
./submitresumbk_nlohh_fitc_c.sh 87.68377379749174 115.21922963565954 22.76785963771952 7.388469065079414 1.175748825045056 44
./submitresumbk_nlohh_fitc_c.sh 87.6194398187968 113.04899587091646 22.012542135892573 9.418642854689507 1.2003789755744771 45
./submitresumbk_nlohh_fitc_c.sh 91.3621816356149 112.183498947448 21.718405597459455 7.078773869179904 1.1840541867590895 46
./submitresumbk_nlohh_fitc_c.sh 91.45841342243283 113.20841622588247 21.95418653183314 5.130678734638044 1.1501003408513741 47
./submitresumbk_nlohh_fitc_c.sh 89.96765746560894 120.55617587495571 23.47933151949781 9.477730763761226 1.205333697816657 48
./submitresumbk_nlohh_fitc_c.sh 90.25680117440139 119.75247361662126 22.773363183454457 8.840302979333261 1.2021487351955782 49
./submitresumbk_nlohh_fitc_c.sh 90.2536420880696 116.82604160568121 22.841745506500367 6.097854980737947 1.2149518501293317 50
./submitresumbk_nlohh_fitc_c.sh 87.5933449417011 116.46014442439345 23.277744779182797 8.087935307859848 1.2003328601066579 51
./submitresumbk_nlohh_fitc_c.sh 90.39458517351659 118.46181004665588 22.928167393271742 6.055806027528388 1.1815535396287635 52
./submitresumbk_nlohh_fitc_c.sh 89.02712546951334 114.21044548031335 22.32760296848047 9.358425206998982 1.1788505181171753 53
./submitresumbk_nlohh_fitc_c.sh 88.92898869175588 119.9152330408787 23.400580650068065 6.767599400203636 1.2437448220329106 54
./submitresumbk_nlohh_fitc_c.sh 81.68140844624585 115.15090354337165 23.804950646849232 8.799406421021168 1.3125801721923172 55
./submitresumbk_nlohh_fitc_c.sh 89.37536238634925 117.16053459472582 22.594518492314517 9.115673067812018 1.1745481545659893 56
./submitresumbk_nlohh_fitc_c.sh 90.96894404271215 118.31826940083421 22.791169568794846 9.389245845538511 1.152140254451083 57
./submitresumbk_nlohh_fitc_c.sh 87.62040975783914 118.69906629564862 23.106303480587723 9.501506347287773 1.1663287987374693 58
./submitresumbk_nlohh_fitc_c.sh 89.3372370122196 118.18094035499472 23.053546277142573 7.947867604985227 1.2358686379995463 59
./submitresumbk_nlohh_fitc_c.sh 90.51351964052944 121.26266060392615 23.313555307419886 6.369092057855928 1.1362295876118829 60
./submitresumbk_nlohh_fitc_c.sh 87.32944895005282 117.45082128760227 23.066883145759753 5.497627300420586 1.2022394966528698 61
./submitresumbk_nlohh_fitc_c.sh 86.71575707157429 115.73622627252122 23.140371723952594 5.735805123229356 1.2305984658954268 62
./submitresumbk_nlohh_fitc_c.sh 83.89908084468883 116.17730880100088 23.798561018418724 6.8126228055325 1.2909246773309797 63
./submitresumbk_nlohh_fitc_c.sh 91.46074390246305 116.30699702910643 22.67709947396873 4.896387863904664 1.1972791199883885 64
./submitresumbk_nlohh_fitc_c.sh 86.73641590399433 115.07198562735549 22.483060129058362 9.937184291030253 1.1780081869538321 65
./submitresumbk_nlohh_fitc_c.sh 88.58060026940969 123.4207499579775 23.879408781601118 7.893776390553106 1.1962121286468668 66
./submitresumbk_nlohh_fitc_c.sh 90.44358452485217 119.57660399746764 23.15192160731577 6.406827986529754 1.1855550331619513 67
./submitresumbk_nlohh_fitc_c.sh 90.95931454914162 119.47503790951606 23.098418584679543 6.857252267354052 1.2314956807419721 68
./submitresumbk_nlohh_fitc_c.sh 88.51588429376288 117.74521256334053 22.748901461550076 9.152899227136453 1.17121069810172 69
./submitresumbk_nlohh_fitc_c.sh 86.12037704881793 113.35571006646278 22.894204815337275 6.9024085048236365 1.2416440920017429 70
./submitresumbk_nlohh_fitc_c.sh 88.53856988191865 116.41344603560313 22.986159715304826 7.628011686202089 1.267217646093687 71
./submitresumbk_nlohh_fitc_c.sh 89.13521396624219 118.72118965059381 23.292152386980057 7.28675582670048 1.176925018029282 72
./submitresumbk_nlohh_fitc_c.sh 90.49685740471926 124.07972555066692 24.090398607516015 6.974693399216774 1.214015399667811 73
./submitresumbk_nlohh_fitc_c.sh 86.08106152946553 116.33871255063882 23.532098201493117 9.341240270652623 1.2663139598787245 74
./submitresumbk_nlohh_fitc_c.sh 89.22203037560185 114.51342911850485 22.523019039005096 8.086164842129156 1.2561172218097172 75
./submitresumbk_nlohh_fitc_c.sh 85.95406847621943 114.92825065447495 22.952464712815832 8.130066900563758 1.2267279388185515 76
./submitresumbk_nlohh_fitc_c.sh 87.20044019814002 115.3218737441137 22.806609081971235 9.351340325186374 1.207397838687548 77
./submitresumbk_nlohh_fitc_c.sh 88.91856012243035 117.77932567086351 23.049143868441508 8.320901133410091 1.2362418457969595 78
./submitresumbk_nlohh_fitc_c.sh 87.81673201441136 120.26421000977034 23.607065045108083 6.828111851861717 1.216064442431478 79
./submitresumbk_nlohh_fitc_c.sh 89.51752305494222 119.33580506880085 22.9369992884115 8.415258144187218 1.1026731900000835 80
./submitresumbk_nlohh_fitc_c.sh 86.23785406837122 116.34764680923128 23.54577994655996 7.309884858448821 1.2877586836075898 81
./submitresumbk_nlohh_fitc_c.sh 88.00228389827438 112.19824511194817 21.83635552170493 9.628792839819688 1.1145924339377746 82
./submitresumbk_nlohh_fitc_c.sh 87.38610385904163 117.39120724102425 23.33685861864293 8.719515932023105 1.2287064021976821 83
./submitresumbk_nlohh_fitc_c.sh 90.962915476403 118.84224867733775 22.8154649890565 7.619809128052422 1.1718422593036344 84
./submitresumbk_nlohh_fitc_c.sh 87.00825171128797 118.94457601329607 23.510015424892753 9.371264897339618 1.2388850162426857 85
./submitresumbk_nlohh_fitc_c.sh 87.70719205267088 113.66776903109722 22.603935006350717 8.605261876442816 1.223321365515719 86
./submitresumbk_nlohh_fitc_c.sh 84.16327762834686 117.29930848935892 23.744213692669693 7.541399573050884 1.271083634205036 87
./submitresumbk_nlohh_fitc_c.sh 86.68336711293277 116.82590095424072 23.253000738620685 5.269718261831855 1.1520403138532698 88
./submitresumbk_nlohh_fitc_c.sh 90.42441647291432 119.69802784723784 22.934257598666857 9.963821592734115 1.2449823808866052 89
./submitresumbk_nlohh_fitc_c.sh 90.25526300797434 116.91991651596095 22.550291275770675 8.824944272275731 1.203955921651139 90
./submitresumbk_nlohh_fitc_c.sh 90.08382566003606 111.59229705276043 22.359188388303615 4.867345642474004 1.25138191615081 91
./submitresumbk_nlohh_fitc_c.sh 88.92749056962377 115.80386374652507 22.428816410954326 8.429044752230809 1.184903123766419 92
./submitresumbk_nlohh_fitc_c.sh 90.50014877245194 122.12649946722202 23.129724320320594 7.1743101786040056 1.1497684580866279 93
./submitresumbk_nlohh_fitc_c.sh 90.21919710854431 117.80123804841972 22.673707012175598 5.992475810797495 1.1644969925187318 94
./submitresumbk_nlohh_fitc_c.sh 86.07668304297964 115.02112845183906 23.231259810580163 8.089264098111355 1.275477942947341 95
./submitresumbk_nlohh_fitc_c.sh 87.3436011472496 115.6512746291276 23.02237900999646 8.405081778295326 1.2368514742866363 96
./submitresumbk_nlohh_fitc_c.sh 89.20443988224585 117.89811816988146 22.92382114155158 7.679597313094196 1.1772758003651351 97
./submitresumbk_nlohh_fitc_c.sh 89.54618664347885 122.5657435282584 23.51414077695262 7.191605738738443 1.1830669185202434 98
./submitresumbk_nlohh_fitc_c.sh 91.91575734879328 116.75889396637832 22.403075049151507 6.170035084060295 1.1775701647139127 99
