./resumbk_mve_fitc.sh 5.577153008422948 13.670079382450577 146.61955947654923 33.703440042624564 1.0189496787665073 0
./resumbk_mve_fitc.sh 4.9965888149087165 15.368337209714566 150.56181867060766 36.383324969929724 1.0243176906764386 1
./resumbk_mve_fitc.sh 5.708937627507586 13.408307197342527 149.38837364035058 33.55331311046709 1.0121063814440434 2
./resumbk_mve_fitc.sh 5.396363579326727 13.749008820619201 148.32923736462226 35.05354953955029 1.01507316573125 3
./resumbk_mve_fitc.sh 5.533542773874328 14.370689777402747 143.9231520786722 33.64293485365224 1.0000274000359015 4
./resumbk_mve_fitc.sh 5.415358130388175 13.60080317857293 145.74302278856825 34.609179756493816 1.0130069626381173 5
./resumbk_mve_fitc.sh 5.111342870977557 15.695322286635106 156.55600325413317 36.728424450570834 1.0081587781534247 6
./resumbk_mve_fitc.sh 5.163034685163328 13.444154424878464 155.76880904661004 37.54516094992653 1.007631156166556 7
./resumbk_mve_fitc.sh 5.304352591626502 14.422392901557906 151.9264124655804 35.5116695137377 1.0145895819433068 8
./resumbk_mve_fitc.sh 4.8913500404263 15.485619224845426 152.51747606336886 37.17271491526365 1.0015915890856006 9
./resumbk_mve_fitc.sh 4.817056647533989 15.120237618626213 157.3224380236878 38.260935450994076 1.0167263717551855 10
./resumbk_mve_fitc.sh 4.865964711251394 16.011791482678618 159.00277393969054 37.76798907441838 1.0125127204847717 11
./resumbk_mve_fitc.sh 4.971275956586944 13.877942293078561 157.76320513361074 38.91699461016697 1.052430208532871 12
./resumbk_mve_fitc.sh 4.9631676516320145 15.981203006046037 155.19082843729524 37.16259178207302 1.0002229706433874 13
./resumbk_mve_fitc.sh 5.320167401841462 15.311429940372227 151.1673135174061 35.146374391576046 1.0023564358899264 14
./resumbk_mve_fitc.sh 4.877115980014251 14.847619535003204 158.50100604687339 38.10274942027342 1.0078736905196533 15
./resumbk_mve_fitc.sh 5.023563314812992 15.218986730785128 148.03065981415133 35.76009039014186 1.0307481297056673 16
./resumbk_mve_fitc.sh 5.1281545943972775 14.364621186367973 152.41373971538044 36.078676008592524 1.0339593098901225 17
./resumbk_mve_fitc.sh 5.46823321933906 13.984920343500667 145.96093132958885 34.12633815485511 1.022929924564757 18
./resumbk_mve_fitc.sh 4.707771451426654 16.006578527882272 159.77615612056607 38.95313355008528 1.0011576540279352 19
./resumbk_mve_fitc.sh 4.791539495104852 14.978759793783505 161.8869381006092 39.358576755115955 1.0017370778110544 20
./resumbk_mve_fitc.sh 5.141997815462429 15.238069872389714 151.921406795781 35.74337002098877 1.0131531932058742 21
./resumbk_mve_fitc.sh 4.913456837809839 15.359237110543498 151.18781985986806 36.809856808741536 1.0114230770740926 22
./resumbk_mve_fitc.sh 5.3354582775576755 13.370300319091275 152.08659947493328 36.39085613415717 1.0069256867042398 23
./resumbk_mve_fitc.sh 5.3448969907639565 15.008785965050818 150.0874033420099 34.777937062576335 1.004346720462105 24
./resumbk_mve_fitc.sh 5.10891785952783 14.419767819726717 157.4845842732488 36.92305803316868 1.001466034878909 25
./resumbk_mve_fitc.sh 4.986519162173458 14.950295659764336 156.20118177217964 37.42302223889532 1.0000220550317218 26
./resumbk_mve_fitc.sh 5.0022074085439385 16.43966980333789 150.88025345233814 35.81358783211196 1.0269265318137692 27
./resumbk_mve_fitc.sh 4.814265350750542 15.136369970878444 158.05094550485734 38.63354886347836 1.0122914136743806 28
./resumbk_mve_fitc.sh 5.575163445680844 13.272759897202173 151.7641618862554 35.189319031256176 1.0168722030800204 29
./resumbk_mve_fitc.sh 5.005653165264569 15.305278556070183 151.39299794006715 36.80280782930209 1.0038031987455218 30
./resumbk_mve_fitc.sh 4.9579609299244405 15.57620850439926 155.10806536009264 37.24141811575599 1.0206907532226366 31
./resumbk_mve_fitc.sh 5.350161171370022 15.163211567425613 148.47866019463973 34.61621425208227 1.0001582760247334 32
./resumbk_mve_fitc.sh 4.894629392136583 15.582205493600902 160.45944120536822 38.3166386461402 1.0201937082321626 33
./resumbk_mve_fitc.sh 5.466661389763447 15.065219139042501 147.53750471973567 34.11390564817743 1.0241727467403765 34
./resumbk_mve_fitc.sh 4.858472378801016 14.227507834616334 160.00564078153567 38.7063152661016 1.0091042495607943 35
./resumbk_mve_fitc.sh 5.470552816398246 13.850122841587304 153.73572608947032 35.61697646097776 1.0383603466949494 36
./resumbk_mve_fitc.sh 5.92253304591244 14.102923731380399 141.868910926475 32.209532002024204 1.0150858035126291 37
./resumbk_mve_fitc.sh 5.11556735774075 14.379026739703557 155.1425529412688 37.1751459764859 1.0146667397235112 38
./resumbk_mve_fitc.sh 5.3238251804050005 14.58098050963889 149.1603865197718 34.65943961694818 1.0203005380551309 39
./resumbk_mve_fitc.sh 5.024307707506924 15.74575467474615 159.0048902851165 37.927127429048454 1.0335172270617559 40
./resumbk_mve_fitc.sh 5.305455535311672 15.309944113758624 149.77013434294636 34.89294768548424 1.0090554366007218 41
./resumbk_mve_fitc.sh 4.75660858256959 15.838327085736145 158.77838493256672 38.57068666360441 1.0125186607029915 42
./resumbk_mve_fitc.sh 5.051221332083536 15.775885766592028 150.1184284665386 35.959406409665554 1.0306546663962413 43
./resumbk_mve_fitc.sh 4.927559661450983 15.655284158947929 157.08694398118195 38.26311656290172 1.0000277745934445 44
./resumbk_mve_fitc.sh 5.198490138823534 14.032322092660472 156.6355446642375 36.89669825054594 1.0021847827751205 45
./resumbk_mve_fitc.sh 4.668487705465771 14.890853967885178 162.69482821441983 39.677500676870906 1.0058643582531646 46
./resumbk_mve_fitc.sh 5.105110391249153 15.14483009700623 157.49402953934313 37.11325737740224 1.0072628822847025 47
./resumbk_mve_fitc.sh 4.896733495919091 15.100499593406056 158.69830746548234 38.23891408421824 1.0374235905459879 48
./resumbk_mve_fitc.sh 5.46798765892253 13.681350472721444 150.61107935846476 34.8588842918615 1.0120224160612283 49
./resumbk_mve_fitc.sh 5.096473675401673 17.200629163339457 152.02228854648965 35.52175110279698 1.003509964967972 50
./resumbk_mve_fitc.sh 4.613322359378332 17.783530984866523 155.9820077205628 38.16162635649264 1.0224003109103323 51
./resumbk_mve_fitc.sh 5.071007095424463 15.4396090540922 155.26100098205384 37.02326591635393 1.0180234981561833 52
./resumbk_mve_fitc.sh 5.044189376490667 15.089795490645525 154.15150634181416 37.20855833604128 1.0042592018571328 53
./resumbk_mve_fitc.sh 5.356478635968103 13.729306776889079 157.45742070931564 36.975729048605494 1.0029646125632288 54
./resumbk_mve_fitc.sh 5.169292562816136 14.095695032525569 151.50262293752263 35.71331122994437 1.0203716499237006 55
./resumbk_mve_fitc.sh 4.662573503301259 16.886354938917755 155.39485385260167 38.29434577089388 1.0019780708750736 56
./resumbk_mve_fitc.sh 5.683234889814584 14.034561712318505 149.2729704295949 33.877472553521216 1.0039253345817292 57
./resumbk_mve_fitc.sh 5.239250358086753 13.549872156332572 152.42157391399923 36.04010387634905 1.0085656300597081 58
./resumbk_mve_fitc.sh 4.82339691508074 15.086033570785466 150.77516360603235 37.26432785828355 1.0239029121849783 59
./resumbk_mve_fitc.sh 4.974078709849233 15.857880571643653 158.58325109662252 37.874068539540175 1.0093859612550087 60
./resumbk_mve_fitc.sh 5.151041272124033 15.968890521498986 152.4680292247418 36.171961481877574 1.0171249210055646 61
./resumbk_mve_fitc.sh 4.924352262113743 16.212648837805514 152.82779151549664 36.6224601366369 1.0033633231158692 62
./resumbk_mve_fitc.sh 5.479302703668243 14.236936966883455 148.10812292323635 34.249541696510065 1.0134430152040332 63
./resumbk_mve_fitc.sh 5.3663662796898794 13.265657493158644 147.93063911959948 34.99715210565043 1.0456984757812917 64
./resumbk_mve_fitc.sh 5.029996080939338 15.818484320675342 149.3746873380276 35.62202368764792 1.0242858371418657 65
./resumbk_mve_fitc.sh 5.0106465818640205 16.1024464187705 154.18578060015565 36.7747808226366 1.0004923380675836 66
./resumbk_mve_fitc.sh 5.056522449363367 15.32982861022126 153.88596512575356 36.99100139249756 1.0146503538757186 67
./resumbk_mve_fitc.sh 4.666628260962217 14.6566560930591 160.80393301664574 40.05509581704293 1.04637782596933 68
./resumbk_mve_fitc.sh 4.904594291486322 14.857823810280532 159.0402807205401 38.31035003417117 1.0282989957635644 69
./resumbk_mve_fitc.sh 4.845543287305801 15.648413301757008 157.18796538228125 37.90032719343529 1.0040795052240121 70
./resumbk_mve_fitc.sh 5.247122230174394 15.085985881970961 149.70941499404998 35.01080878571484 1.0102316163458769 71
./resumbk_mve_fitc.sh 4.949696243604207 14.232982338704927 161.87231596416822 39.36853117154803 1.0021589381665337 72
./resumbk_mve_fitc.sh 5.00759089958309 14.332246860211884 156.53955076991582 37.583907588047666 1.0025777095054322 73
./resumbk_mve_fitc.sh 4.936652955818376 15.299253210716053 155.5383430262479 37.19099041694084 1.038188321227374 74
./resumbk_mve_fitc.sh 5.347074607773142 16.218142414709313 148.57920803534938 34.17371751516785 1.0052324016647904 75
./resumbk_mve_fitc.sh 4.87710612280363 13.534488782356716 160.85327872959232 38.99003998560048 1.0428519307342021 76
./resumbk_mve_fitc.sh 5.028815314249551 15.278586563034054 153.7447128251848 36.704441955507036 1.036380847535032 77
./resumbk_mve_fitc.sh 5.136713222490376 13.675915131636948 151.00630836093976 36.59479791582673 1.0075627154732374 78
./resumbk_mve_fitc.sh 4.82757824248472 15.377619631557861 160.19658974392797 38.75054926384444 1.0082353475064851 79
./resumbk_mve_fitc.sh 5.456311398280229 13.866697660215866 149.61663878766956 34.836229105303524 1.010180387339264 80
./resumbk_mve_fitc.sh 5.025160821981241 15.193467851915072 153.9422906832233 36.50590399880575 1.0172857407901708 81
./resumbk_mve_fitc.sh 4.685572444749361 15.432025035652025 161.62849781821419 39.48035263276839 1.0031557025575446 82
./resumbk_mve_fitc.sh 5.106617384385873 14.6927408070661 159.1717839781229 37.53045464762684 1.0097888697090056 83
./resumbk_mve_fitc.sh 5.180686195116318 14.142924739323414 154.37644411127897 36.77038584272403 1.0368605287103307 84
./resumbk_mve_fitc.sh 4.895343562262566 14.407714075540143 159.9504463006682 38.35620086581726 1.0286316127881634 85
./resumbk_mve_fitc.sh 5.20210036980151 15.620690030414579 147.87306121701135 34.690777267867944 1.0102532602615948 86
./resumbk_mve_fitc.sh 5.3849887487906845 14.422020279107544 156.86485728658485 35.73422243398494 1.0050038387171192 87
./resumbk_mve_fitc.sh 5.0136124240815665 15.355560961785248 151.57590864855726 36.35070805377866 1.0106249551338373 88
./resumbk_mve_fitc.sh 5.040099223022446 16.510044145114247 151.60188814825537 35.97662236255879 1.0028774014158444 89
./resumbk_mve_fitc.sh 5.128088326195519 14.513983701327799 155.53913130081847 36.47922385797808 1.0108437107008632 90
./resumbk_mve_fitc.sh 5.089914876606572 14.0022557517999 153.77235843055036 37.18466041453879 1.0091120566304037 91
./resumbk_mve_fitc.sh 5.355135012250662 13.482368662677906 153.07114381920115 35.66578066871638 1.037339542533501 92
./resumbk_mve_fitc.sh 5.069992835383205 15.880929159539752 150.1301322184714 35.61971114752711 1.0041051792160434 93
./resumbk_mve_fitc.sh 5.473253098141349 14.063324230911759 152.75827470004666 34.772671825156294 1.0018959610887388 94
./resumbk_mve_fitc.sh 5.142810473485139 15.330404232345321 153.11019083658795 36.17088817901221 1.0027890671310078 95
./resumbk_mve_fitc.sh 5.1743698793340425 13.524331675520285 154.12434014756158 36.17267840241634 1.0240091385489989 96
./resumbk_mve_fitc.sh 5.497831266249156 13.071846191698148 154.78210725147923 35.67265426069905 1.0040218844530995 97
./resumbk_mve_fitc.sh 4.7789429953564 15.884662242969721 157.48442576645172 38.05799528976906 1.0021772324666316 98
./resumbk_mve_fitc.sh 4.984902665903019 15.749705013983448 150.97474708219437 36.51888689319096 1.0281123358526223 99
