./resumbk_mve.sh 8.974791969226677 16.58753909139525 81.586104677276 30.36711907548424 0
./resumbk_mve.sh 1.620769516904142 11.07184482375877 119.18556056102285 17.807864352652143 1
./resumbk_mve.sh 6.032340838046711 18.2825844397928 155.79326355760722 47.91510045503322 2
./resumbk_mve.sh 1.0796363101369988 29.99480188811749 86.89990415006805 41.02562650083466 3
./resumbk_mve.sh 1.2313900954911479 15.115265187337364 145.10653448685366 13.702711052725856 4
./resumbk_mve.sh 8.14192994019386 20.148805615005664 160.99658740933768 25.993027091173694 5
./resumbk_mve.sh 3.1866789841548964 21.860651526474037 95.1148645704882 11.194681475902662 6
./resumbk_mve.sh 1.353992239779052 16.73928107358951 131.42235904524 26.74643666233598 7
./resumbk_mve.sh 1.9923419035709902 28.863977930773846 174.45493077887227 50.95885353756612 8
./resumbk_mve.sh 7.837537795309267 11.84506474374451 51.50921874782052 30.02556962298757 9
./resumbk_mve.sh 8.508923852318901 34.49343808317937 85.46244948290486 45.98178389557815 10
./resumbk_mve.sh 1.3697736510395373 39.85372813853867 179.36757883151856 41.9586150810882 11
./resumbk_mve.sh 3.6525911489674825 18.63312133846125 56.48665269716448 21.621193133113145 12
./resumbk_mve.sh 8.020231763105981 34.25151993524066 146.46997034593926 5.027910076663021 13
./resumbk_mve.sh 2.143776856481473 17.03567975949784 54.2697035683312 50.63667362614274 14
./resumbk_mve.sh 2.093121560483088 12.408123811202922 162.04181026099167 39.57314748767933 15
./resumbk_mve.sh 6.654126970020176 25.934589016431083 163.55737413594824 42.644901182928145 16
./resumbk_mve.sh 5.5266437528749845 24.487047613040474 157.18151367487192 7.317640737535822 17
./resumbk_mve.sh 5.153004557929853 17.892546464056338 183.3563191050478 47.10064161707295 18
./resumbk_mve.sh 5.832574963877012 12.852137645829314 152.64475520796947 23.71380621166633 19
./resumbk_mve.sh 7.890893187317283 14.422039992978174 172.18975922755374 32.2296051756002 20
./resumbk_mve.sh 8.746593248190056 16.34325990883989 174.73602801153794 28.77250137687037 21
./resumbk_mve.sh 3.369633668532105 39.214227878808614 145.63628408113556 44.94311547986252 22
./resumbk_mve.sh 9.783202392993926 19.38244463504439 113.38702576335731 27.11948098212772 23
./resumbk_mve.sh 4.8017707570492885 22.208103898648176 164.3337595459821 33.40507588926231 24
./resumbk_mve.sh 6.914972475450659 33.22628187828738 182.58180238766312 48.58788097356808 25
./resumbk_mve.sh 6.577406685898686 12.951418843546724 73.31096808423823 7.803283077887822 26
./resumbk_mve.sh 9.617376631614746 23.26984756746882 179.88372224327725 46.96734041673402 27
./resumbk_mve.sh 3.2175324948067403 13.10478977531849 115.92905025258963 10.938228799411993 28
./resumbk_mve.sh 3.330215424038628 15.762227672698677 138.12299055012787 14.234596233982852 29
./resumbk_mve.sh 2.5909668273583337 37.06145099675278 135.7034050576063 48.98262385118816 30
./resumbk_mve.sh 8.49928831529577 36.6742613073198 62.766117759353214 35.375415115841975 31
./resumbk_mve.sh 7.536007765359659 18.13746509682001 95.88026511518127 36.35996191863686 32
./resumbk_mve.sh 4.466081834289047 26.4486545606704 175.16776699852232 2.6697491639940987 33
./resumbk_mve.sh 9.632171181937151 24.149010414412665 138.97521924470018 9.990484542296377 34
./resumbk_mve.sh 4.6447065087353945 22.463188690367588 174.90821493437844 41.6177357517055 35
./resumbk_mve.sh 9.109195595685568 26.68778500097078 174.84352936417775 35.356282871163415 36
./resumbk_mve.sh 4.706305417812322 16.27157482145397 110.36787788179497 29.794720564339574 37
./resumbk_mve.sh 3.8405044686940406 10.553280272983777 65.97177427548324 4.207116416481192 38
./resumbk_mve.sh 2.3696760058189668 14.013093061938743 171.9465600961934 45.20409387679313 39
./resumbk_mve.sh 7.89972291336092 24.75879601069944 111.67614445502518 4.604346205849806 40
./resumbk_mve.sh 6.726598131006121 21.66536518309227 68.92062602938654 46.72999891234814 41
./resumbk_mve.sh 2.7388645194131342 10.162115765419566 128.10201521473 10.628056553510318 42
./resumbk_mve.sh 8.67704564620701 16.48919784771347 22.924879312858064 43.93692078353994 43
./resumbk_mve.sh 6.526466100776678 13.799227051577773 176.9674037399294 23.747510077558083 44
./resumbk_mve.sh 5.328996788376818 18.97273188345418 170.68293838082766 26.814592904356914 45
./resumbk_mve.sh 9.994333948969983 10.499848429858218 136.13580125288786 21.337844525965934 46
./resumbk_mve.sh 9.182311656634807 19.158076360011698 156.1083333780664 49.39812069083023 47
./resumbk_mve.sh 8.535403174679205 36.403322619992394 112.52494709054078 2.848737493960705 48
./resumbk_mve.sh 3.4743482894631423 20.53849201482344 91.11697079972463 40.69209079675409 49
./resumbk_mve.sh 7.674199782710774 39.65156540350904 26.610869053398332 24.204485170194214 50
./resumbk_mve.sh 9.589899507897494 25.094183116744553 182.84877984066384 41.82099822741732 51
./resumbk_mve.sh 8.859216545150758 13.270865477333235 174.01680026048086 7.001703469242356 52
./resumbk_mve.sh 3.049583624560091 39.14689554975097 171.6692077579994 15.106918794617169 53
./resumbk_mve.sh 7.638935584953778 14.985750600123744 141.95548214806456 38.79119298534723 54
./resumbk_mve.sh 6.414633893628613 35.70711771128167 171.40924348174812 32.37907905145342 55
./resumbk_mve.sh 1.1781125847569185 17.102179674423404 167.7369944992452 9.819778894672162 56
./resumbk_mve.sh 6.937471304498989 11.862743701922671 137.07686677062952 3.3232046018244104 57
./resumbk_mve.sh 5.553467963657353 38.960158534921334 88.50852240702915 38.247821805645806 58
./resumbk_mve.sh 2.963985159594565 15.275652292606708 102.12644853946975 4.819532389557159 59
./resumbk_mve.sh 8.877375844727936 23.674301305784084 175.99834953708253 13.815600046505295 60
./resumbk_mve.sh 1.2656101868169949 24.003454097979105 181.17186452238127 26.444380800179022 61
./resumbk_mve.sh 6.253478332140205 39.46698147398061 132.1479160823486 12.952830885257585 62
./resumbk_mve.sh 2.8227569355631545 27.634795756812174 140.5425770614625 3.961924749858695 63
./resumbk_mve.sh 5.592913810526588 21.43824442363912 113.65857652258924 50.197256411572425 64
./resumbk_mve.sh 5.884422033859531 28.480864866453164 159.37971339821615 19.778571604928832 65
./resumbk_mve.sh 5.816735509026048 11.473687500140695 164.58359029637347 48.393814935524496 66
./resumbk_mve.sh 6.676397247975187 13.17608733129984 111.17854581175408 36.079659565902695 67
./resumbk_mve.sh 2.016438948183031 25.70335591425915 140.34937194534848 17.19396258074824 68
./resumbk_mve.sh 5.752617952684571 13.633439667767282 152.51754522216618 18.17446035212103 69
./resumbk_mve.sh 3.343741953192196 27.87141544049187 177.73288483319195 42.53657861247175 70
./resumbk_mve.sh 2.0522461483887255 32.74042526927013 137.5768904579992 34.863348356510244 71
./resumbk_mve.sh 9.951195184127789 38.81516257327667 105.73390317816218 47.45951753569459 72
./resumbk_mve.sh 9.299300678496946 17.4580337852 172.88600056200292 42.220852803505935 73
./resumbk_mve.sh 1.2418131506337284 12.31025631144486 126.90100814671452 37.74925003060605 74
./resumbk_mve.sh 2.859453271196506 36.36153627462077 49.53268068941588 34.14298603362917 75
./resumbk_mve.sh 9.931286477715025 25.561204596376992 174.50313715122385 48.289696097422706 76
./resumbk_mve.sh 6.858809440188678 10.103663327658245 151.84518075236969 25.693203715654814 77
./resumbk_mve.sh 9.791924805900603 39.23430001289865 86.38397882764654 19.300693971069407 78
./resumbk_mve.sh 2.8823607296194376 15.328702523473675 143.95137890557533 44.43149631691157 79
./resumbk_mve.sh 2.7677999992702538 14.44423094721035 178.38409684722916 26.273805071110356 80
./resumbk_mve.sh 7.252593433173373 36.916872755974794 78.97265391891925 28.068071244395345 81
./resumbk_mve.sh 8.271300738734835 25.265879810671223 143.26573622311963 11.270428776408771 82
./resumbk_mve.sh 8.566955422639639 17.4386025641503 170.3571639980384 33.221713545588436 83
./resumbk_mve.sh 2.033929344221087 24.26492861385986 171.85158135132804 28.84170372293086 84
./resumbk_mve.sh 4.562293539840997 33.48594670911215 128.9666695148365 17.225443863450632 85
./resumbk_mve.sh 5.5179080012190855 16.63168480547875 175.30184983540076 14.539056600475297 86
./resumbk_mve.sh 3.705699888041966 13.30526350656092 78.03781809401623 8.206663699617904 87
./resumbk_mve.sh 6.546958345729397 17.62467545759785 135.57009483051334 18.995621995224386 88
./resumbk_mve.sh 4.26151158126537 10.359244008672377 95.43785456738625 30.737605149528406 89
./resumbk_mve.sh 5.1298131365559545 34.549523933922586 25.835749094587303 3.6369753527743067 90
./resumbk_mve.sh 4.751757960672531 18.402935859060086 182.70081486819322 7.063675967493336 91
./resumbk_mve.sh 9.875426819668839 34.01039083392628 166.9058805336948 33.54641965810284 92
./resumbk_mve.sh 4.336592957676107 33.83299709471007 37.14500804841127 10.303447361882945 93
./resumbk_mve.sh 8.485258427704961 24.54209861009614 128.5390245761953 11.774775041277909 94
./resumbk_mve.sh 7.024908650558134 34.351731250071886 158.7018304152637 41.272424781940316 95
./resumbk_mve.sh 9.285687425451915 29.30396604679568 118.90760638197312 35.47219303094315 96
./resumbk_mve.sh 6.524095667213262 20.345918873402347 173.68903599443334 15.361781011977765 97
./resumbk_mve.sh 8.630210584359208 15.857320780170607 115.01802556236959 46.24234090429611 98
./resumbk_mve.sh 2.2091281362041877 35.49344047394415 134.84380407874505 44.628375029024625 99
./resumbk_mve.sh 8.167779301071672 23.559034318585464 169.3660815429511 35.7922401313748 100
./resumbk_mve.sh 4.455991095182003 38.47897149507704 180.36842336079704 47.35534629744685 101
./resumbk_mve.sh 7.591750998605038 31.135054012977132 109.99200594455513 16.34723353366838 102
./resumbk_mve.sh 3.798880468435627 19.32352665795733 30.595044946241202 6.568784007065069 103
./resumbk_mve.sh 1.099159414156595 22.730390716481132 143.39008429478534 32.89125716068171 104
./resumbk_mve.sh 9.432649313257818 15.202221831494546 101.13621097560784 9.236544288435176 105
./resumbk_mve.sh 3.9562218357087913 23.884887791729938 17.363177364415698 23.52448978650141 106
./resumbk_mve.sh 6.225114504040405 34.835491347988054 178.80071765534245 39.23501764453316 107
./resumbk_mve.sh 2.7984880260223455 13.907011253185596 154.83846226822416 32.278580595806844 108
./resumbk_mve.sh 1.566076314269952 22.689864198793927 114.49773326586664 50.06733976952081 109
./resumbk_mve.sh 8.426219509355018 28.236401507402032 126.3622164255145 12.293122176957402 110
./resumbk_mve.sh 5.293863673174306 24.80709290261896 157.33629797961567 21.804718840711512 111
./resumbk_mve.sh 8.89703982635932 16.439703706261064 156.33343784477162 45.35814710068042 112
./resumbk_mve.sh 4.369266617272506 17.599004678911015 67.89787762854489 3.0382992402137625 113
./resumbk_mve.sh 1.7051091876500015 23.254807597413723 166.78442558176974 34.38666100219224 114
./resumbk_mve.sh 2.6050581122233782 13.502615658944176 84.8589044137583 35.70529014287275 115
./resumbk_mve.sh 3.5451636566814297 37.21891391874684 130.19368904384993 31.470215563853177 116
./resumbk_mve.sh 6.467850140132311 10.623677166494284 180.68922207053703 14.731083594434452 117
./resumbk_mve.sh 8.815630461048347 37.83788391133789 173.90308621697386 49.71756735728565 118
./resumbk_mve.sh 7.972938807272054 19.0607350914553 73.89958419330316 24.504356015100708 119
./resumbk_mve.sh 2.709194048195881 31.240970607815456 106.46944759680296 7.560282650301369 120
./resumbk_mve.sh 7.126218260357809 16.84537475271193 74.29368307463987 33.171934726747914 121
./resumbk_mve.sh 4.020389413546277 36.29070087579122 137.35122109209507 48.825301756082 122
./resumbk_mve.sh 5.483132047422526 20.2870178750679 151.22891061961883 3.8237332481748445 123
./resumbk_mve.sh 1.531755414677326 26.871575805992887 171.43395366000067 29.473944339515977 124
./resumbk_mve.sh 4.971232355174222 29.210378217731343 182.47477562441205 10.258718687663858 125
./resumbk_mve.sh 6.349037378604391 16.366942156227704 177.03522215450548 48.14072749118702 126
./resumbk_mve.sh 4.232121874150015 31.36578572082475 97.34844040737859 45.59737240056704 127
./resumbk_mve.sh 5.05517627508025 14.547187335025779 98.10950143816791 11.62704826984394 128
./resumbk_mve.sh 4.5112925187755595 25.885707166586695 170.21443790586602 6.601952037830121 129
./resumbk_mve.sh 5.750566598734171 31.19480590150689 118.36286655643842 12.339257526771576 130
./resumbk_mve.sh 3.442053591553725 24.898359820275186 177.95932256110132 26.9557970671773 131
./resumbk_mve.sh 4.003419221949474 30.35309575188941 175.1089782497623 24.68053416791374 132
./resumbk_mve.sh 5.87255633634952 12.768947776603206 138.64241936264386 8.963076071448887 133
./resumbk_mve.sh 1.9386123854938917 39.32682992057926 136.85604754861853 27.00398769424968 134
./resumbk_mve.sh 9.919948366760737 32.26343858817114 153.48753454029506 28.020303892596772 135
./resumbk_mve.sh 8.090517122577545 11.177324029117301 2.200442244757526 47.82515650815058 136
./resumbk_mve.sh 9.226097851719976 16.050847105096544 158.93446981779698 49.515220990743686 137
./resumbk_mve.sh 3.1148145838642045 12.107111832578928 152.1617596778009 45.266662322881565 138
./resumbk_mve.sh 5.79250455263011 37.32291376008084 81.47110724139799 33.62374095761654 139
./resumbk_mve.sh 5.965353274646014 31.049038517725144 133.79885503376508 25.825943681803466 140
./resumbk_mve.sh 6.201099616837093 36.554632654211304 172.58353227794416 18.212176083001868 141
./resumbk_mve.sh 7.919401165069685 35.8668345183073 180.0202224072349 2.950398285183425 142
./resumbk_mve.sh 3.2620652132344485 17.724098762365887 148.3958830077217 13.227810937190132 143
./resumbk_mve.sh 9.270846075567569 23.85306914754141 102.48635591856308 33.90720300719071 144
./resumbk_mve.sh 9.523251470869882 19.78516704003421 148.13000179797513 36.9056931492511 145
./resumbk_mve.sh 6.059334645169479 27.57295136432144 52.41241347942228 48.69588307848227 146
./resumbk_mve.sh 3.503410123771121 10.996801082742763 163.30226347723533 20.43283359193413 147
./resumbk_mve.sh 7.7466642091605635 21.14394084765148 163.77433617776876 49.88171475772177 148
./resumbk_mve.sh 6.156879034205501 10.231352912971651 161.8328485755211 24.259854098558797 149
./resumbk_mve.sh 1.045347147306687 26.782612172860528 76.097062580313 46.55806664577826 150
./resumbk_mve.sh 1.3267150244344037 38.0983639480281 121.35211722029 27.934541884086897 151
./resumbk_mve.sh 4.574489729564214 14.119350332976868 82.95144518523944 39.9997357006492 152
./resumbk_mve.sh 9.02287210015337 34.98637803771019 108.283897507893 12.182977592372316 153
./resumbk_mve.sh 9.893278121187048 37.14444102459743 147.34200252729508 8.623974068716453 154
./resumbk_mve.sh 4.60626672622905 23.56973482417948 85.91364404664444 46.12666374795854 155
./resumbk_mve.sh 5.8549017934392324 24.438019390820287 89.84390217293239 28.68494258469868 156
./resumbk_mve.sh 4.628973782738915 19.503148042851933 135.38781186970243 38.05693151654204 157
./resumbk_mve.sh 3.4546599628786896 22.58879215565839 10.327256279515577 41.73972740510488 158
./resumbk_mve.sh 3.913650802699264 15.400959097045533 178.2967659494796 9.684251070347088 159
./resumbk_mve.sh 8.766493785010837 38.39852506721036 123.85658352521797 37.85344987341742 160
./resumbk_mve.sh 1.3142646341120305 29.484175876061244 138.7195456400277 35.24389089596054 161
./resumbk_mve.sh 7.769740523837523 22.89843138181729 133.10530016888157 8.750855539260646 162
./resumbk_mve.sh 6.875366080703902 36.501699665582116 168.2067256260995 44.18814261699387 163
./resumbk_mve.sh 6.83349771556344 36.12039423770469 167.02859187380253 36.78475397127139 164
./resumbk_mve.sh 8.43787978266421 21.700448203719972 120.93176201452074 11.484261707297648 165
./resumbk_mve.sh 6.214469758231805 19.578550324314605 75.60478103646938 15.254507920699458 166
./resumbk_mve.sh 8.185939108733743 26.13594242292474 150.22182503962458 7.481121776184624 167
./resumbk_mve.sh 8.797536765871431 36.983171326820184 119.80131796401419 5.332815692446308 168
./resumbk_mve.sh 9.846402494368279 21.308452066891967 162.94552258069993 43.08402265451037 169
./resumbk_mve.sh 5.3040242322863556 10.742711251940491 127.0480742357533 47.50479575942857 170
./resumbk_mve.sh 9.720886084665475 31.60002774329504 40.684170475485196 43.96961260549512 171
./resumbk_mve.sh 1.6650166145351983 29.084224850450283 98.26712521461418 41.15128062114385 172
./resumbk_mve.sh 7.158351518601252 20.70558195587255 141.04268555135067 25.369910571943713 173
./resumbk_mve.sh 5.987230681003374 30.995091834297245 154.63990928615547 25.404981426419955 174
./resumbk_mve.sh 7.874484743869498 27.699215433678344 155.57309405781965 31.565413652839663 175
./resumbk_mve.sh 8.793692013853322 39.05307994755351 92.87913010563707 13.06140056479434 176
./resumbk_mve.sh 5.473286681556028 29.38338251696351 112.3400714280718 42.47857367307322 177
./resumbk_mve.sh 6.759844986533197 10.385405397327009 182.08486350765324 22.577997885905727 178
./resumbk_mve.sh 2.9487998909795796 35.66487220888028 119.44115081795532 40.379885791410416 179
./resumbk_mve.sh 4.07005718818718 29.897785819118177 157.66609024406424 28.272006425432917 180
./resumbk_mve.sh 1.630010567435055 35.5612554062176 181.81988925373417 7.895959523456388 181
./resumbk_mve.sh 7.2954449357763185 33.76013220007631 148.7895577027889 5.2687356795607805 182
./resumbk_mve.sh 7.4537578408978575 11.961278259295552 166.07332950896173 5.636371434856826 183
./resumbk_mve.sh 1.730290515474156 34.93763855295143 7.321697590483807 22.07093991086476 184
./resumbk_mve.sh 7.643686280080785 25.746978624306678 134.2728944859652 20.55120477607801 185
./resumbk_mve.sh 1.5414452561071965 17.7891066157146 151.1506466225904 18.38751564997481 186
./resumbk_mve.sh 6.959516649431165 19.6738015810306 181.35142938074708 22.15076253942893 187
./resumbk_mve.sh 6.040111942387557 39.811975341714756 168.8132953132161 15.344973932833105 188
./resumbk_mve.sh 7.174034004381272 28.60834944771259 93.64058196565999 46.00525321633601 189
./resumbk_mve.sh 8.455562016171903 11.327368961484522 180.55963886916285 46.97910889763792 190
./resumbk_mve.sh 9.200356493970528 26.23056317419595 39.35682101410196 31.933664979564632 191
./resumbk_mve.sh 1.9096328752687872 32.60741029463372 160.48238290812296 27.471349477213483 192
./resumbk_mve.sh 9.873589185790454 25.17844665833874 139.4401529950122 19.877894480413257 193
./resumbk_mve.sh 4.206965594211981 29.832442751305816 134.98248565442051 43.73920755598476 194
./resumbk_mve.sh 8.724012055688272 21.957552281571658 97.1006112780604 21.25676753422084 195
./resumbk_mve.sh 8.323978109080219 22.995079788395987 156.52523819178722 42.12442800794798 196
./resumbk_mve.sh 3.2928896647350565 22.130968862073154 84.0258303250707 23.609622794749203 197
./resumbk_mve.sh 8.29564205928362 19.18356574448248 171.06035062097263 45.81383835733822 198
./resumbk_mve.sh 8.03941141751573 18.495131626239647 89.40135262620736 38.9713663775856 199
./resumbk_mve.sh 7.2236600880068265 12.530704370412732 41.45459321640181 49.09872177563276 200
./resumbk_mve.sh 7.583955369736316 27.256766247264416 80.11324875257577 29.33211995789979 201
./resumbk_mve.sh 4.312120922315126 21.545055462271097 155.67882818527752 26.533043096718647 202
./resumbk_mve.sh 4.119826603024231 24.35993178955072 125.32204213838297 20.806211322387664 203
./resumbk_mve.sh 8.657599618396139 33.41996279809223 148.60408335217795 25.780343148139558 204
./resumbk_mve.sh 1.6669231435846357 21.623887445769157 153.83962331314993 4.085597098762154 205
./resumbk_mve.sh 7.730623916437449 18.047130517331567 18.974375763219125 5.812303160413267 206
./resumbk_mve.sh 6.95096424404123 30.843898733588098 100.89859092514791 50.830896141654804 207
./resumbk_mve.sh 1.9751269018170419 24.94779236354372 182.20827913071997 42.01090349483237 208
./resumbk_mve.sh 7.933477373554588 35.15729779376444 98.73114252410629 6.047110242033368 209
./resumbk_mve.sh 9.3736015374722 14.194357746323782 161.24291178902723 32.7396373748546 210
./resumbk_mve.sh 3.423839488457089 27.915211847218227 28.36792968658783 16.003936541184306 211
./resumbk_mve.sh 9.217965378103342 38.693715811471904 146.81858654159194 10.47126888111379 212
./resumbk_mve.sh 7.2417036074765875 27.413840443236147 161.07332398144078 25.539460545504518 213
./resumbk_mve.sh 7.301839658686959 12.676786623229983 136.6310316068441 40.943440231437556 214
./resumbk_mve.sh 9.09644196434858 13.180138585771394 157.57380211794666 12.053913790006675 215
./resumbk_mve.sh 6.795680733996236 29.60178830705636 158.17737098402193 3.439000248863252 216
./resumbk_mve.sh 2.3031246182919034 24.21278574855121 165.35275101661952 10.700821731650214 217
./resumbk_mve.sh 1.1587970938044332 35.53096971048252 134.04195925215626 41.479637057082535 218
./resumbk_mve.sh 1.0164653239169106 11.236694601673308 169.63221363122005 19.15969101481771 219
./resumbk_mve.sh 2.1121972958514554 25.382677138339304 168.42944243569843 37.31250146365463 220
./resumbk_mve.sh 4.247731859835456 17.5197128689455 167.88497103738234 21.898025354213825 221
./resumbk_mve.sh 1.4614540168287584 25.23663058008396 76.9338294439386 16.11491607765899 222
./resumbk_mve.sh 2.651756558838042 12.016020390293084 183.5189056645006 4.3078128768161905 223
./resumbk_mve.sh 5.938396884128603 28.955808448657795 178.46358413714123 44.04474458766904 224
./resumbk_mve.sh 8.84476921259827 18.74661359648232 167.59052460657017 43.80447075408412 225
./resumbk_mve.sh 4.923613524703825 28.58728336956488 50.82786506351425 49.28283366152645 226
./resumbk_mve.sh 1.7926243442877967 14.226744925502567 87.43931905318055 17.092082191976615 227
./resumbk_mve.sh 2.2888368885296666 28.83543474993726 180.27992120091474 7.688853637846158 228
./resumbk_mve.sh 4.19942983581035 20.825276013529738 103.3222843493564 10.970986572376782 229
./resumbk_mve.sh 7.323341047353832 17.36275154406261 159.31583382786806 18.61027715369852 230
./resumbk_mve.sh 1.2139664297057962 23.383699908299675 146.0993289457306 6.921119269365658 231
./resumbk_mve.sh 9.657416701578276 26.854213602750605 105.37601864928013 5.90415642583339 232
./resumbk_mve.sh 4.598639263617433 28.26920101433875 151.72368794696428 29.02580034290947 233
./resumbk_mve.sh 2.899245037270477 18.694921055439345 15.916695086025793 47.746799872671275 234
./resumbk_mve.sh 5.688370049016417 31.904806651069993 149.83658983210591 35.01030977188259 235
./resumbk_mve.sh 2.723616877144617 16.068233987177855 72.58247824912367 13.117802616813478 236
./resumbk_mve.sh 3.6124947722458915 20.903173045533073 147.85747996912818 9.142832782794345 237
./resumbk_mve.sh 1.1358564777484266 35.204125699401345 150.3786133785393 35.91829955365959 238
./resumbk_mve.sh 8.36598115858432 31.52879157346027 151.53060852792566 22.766256209921583 239
./resumbk_mve.sh 7.278567899929099 31.792690142960854 121.50131074783123 12.58718180961481 240
./resumbk_mve.sh 3.8206192923757336 27.49538527367324 144.18859389805644 28.943567065446423 241
./resumbk_mve.sh 6.628339079176064 32.429454902941075 5.542028353642508 6.3010149932833315 242
./resumbk_mve.sh 6.365529266547894 19.905794104227166 96.35030164329751 36.31474792858178 243
./resumbk_mve.sh 3.0042232742749566 15.931227294839609 163.05755143825886 42.32207976682219 244
./resumbk_mve.sh 5.421221492198236 13.418799254680788 179.23807552171056 22.337644418968665 245
./resumbk_mve.sh 2.1869962866845554 38.16348736355067 129.7190556597197 36.609888952922084 246
./resumbk_mve.sh 4.051666751151235 14.686611558408476 94.02073194636996 11.987633288200533 247
./resumbk_mve.sh 5.192997691208313 16.709678788448066 108.72897193950297 43.43915110529419 248
./resumbk_mve.sh 8.328737890051753 10.813752986386197 103.87328227043882 23.134185678598467 249
./resumbk_mve.sh 6.394345425154816 11.563991053707365 127.41388457270338 17.326834023186347 250
./resumbk_mve.sh 2.2549010701332066 22.91119063867852 177.39392493552256 10.816473920135893 251
./resumbk_mve.sh 6.637055285734449 23.12240900771281 177.26722598724726 14.984343939178556 252
./resumbk_mve.sh 3.100905560999136 33.087850427566096 125.59530386478585 24.852897432260683 253
./resumbk_mve.sh 9.490113221642282 30.263504961195103 177.48835628833822 40.25946521548348 254
./resumbk_mve.sh 5.671634342170818 36.82953329941351 58.78242091431733 27.647752216050993 255
./resumbk_mve.sh 7.751638379303362 27.151658620607556 91.99308347811156 34.0156001162459 256
./resumbk_mve.sh 8.402527284879957 21.507326901133986 71.78518384945212 18.841302975796253 257
./resumbk_mve.sh 8.146171320067758 34.46093244242678 29.3847721372176 37.95247077130603 258
./resumbk_mve.sh 9.367449782782453 32.5294803778154 179.4611524796659 22.530153054755186 259
./resumbk_mve.sh 4.15468904404077 36.76396703067671 107.33668823969217 15.761580353979967 260
./resumbk_mve.sh 4.682822576902019 22.83532319833614 163.48485576134564 30.46119166503828 261
./resumbk_mve.sh 6.147688337288078 10.0124096290447 150.87748665599906 31.80866522173898 262
./resumbk_mve.sh 2.4347147091734676 11.773185692965356 147.00965250005342 50.37619365150431 263
./resumbk_mve.sh 2.22818879545601 37.53549271937729 138.42371631047612 50.69779949160819 264
./resumbk_mve.sh 5.56853908802041 30.752988982594427 170.81077630929408 33.710059927517094 265
./resumbk_mve.sh 4.834917298916363 32.9649479302154 165.6144686614069 32.696145442921896 266
./resumbk_mve.sh 4.298017716145559 30.765372298620175 176.5385658107926 11.155119239055827 267
./resumbk_mve.sh 1.5856135387155774 35.075959410271395 163.85957206273295 23.306192545061688 268
./resumbk_mve.sh 5.342174701052283 34.20942615647231 182.26258116910125 31.16526773019615 269
./resumbk_mve.sh 7.528419487043758 37.28785647226186 56.72020058784583 16.566887329946617 270
./resumbk_mve.sh 7.466463864570295 36.04653456671732 150.69425273983566 48.92390890636109 271
./resumbk_mve.sh 8.357425278686412 10.716861797349189 124.63254288191199 14.78760707519881 272
./resumbk_mve.sh 3.8516881323914745 26.30106475779475 115.99800063465135 33.07972447833677 273
./resumbk_mve.sh 7.441384038850115 26.336842205337426 126.33008990016313 3.0588590224083 274
./resumbk_mve.sh 4.887128302317655 30.485388830055516 160.61018651711143 50.1006128553409 275
./resumbk_mve.sh 2.124781480717776 13.670753534616196 160.15596035437449 48.477725098143765 276
./resumbk_mve.sh 4.78960868260658 31.99510734464012 142.25656597052668 34.24741810518882 277
./resumbk_mve.sh 2.676746290490617 19.744076031995874 122.98424240629978 40.14114457475816 278
./resumbk_mve.sh 4.139370970612709 23.92713318005289 159.83396651121686 17.609985815854575 279
./resumbk_mve.sh 7.712602161836368 15.705362908565242 92.55575863813108 47.949569939909686 280
./resumbk_mve.sh 7.498590017121775 18.176921582140697 157.98276398801184 35.106714530731665 281
./resumbk_mve.sh 3.496627722758504 39.61717837029303 130.83311683032488 21.5691288939403 282
./resumbk_mve.sh 5.905680714495618 23.074857038759454 2.369219195406799 39.52486132945837 283
./resumbk_mve.sh 3.1692527311758183 20.016825007539087 154.07838073860702 45.08800172908189 284
./resumbk_mve.sh 6.084935169080037 15.391075480168311 160.2026470205229 45.77122827390162 285
./resumbk_mve.sh 3.5659588402991087 15.56121379843178 149.2325150315446 20.865745486779666 286
./resumbk_mve.sh 2.4911872564197366 10.290735124827208 183.01672954460528 39.3825425746946 287
./resumbk_mve.sh 9.747728817768458 37.47159753417773 181.98021906296637 24.420476661453872 288
./resumbk_mve.sh 1.0263573994180333 32.14996732626558 164.9224020519819 16.681575213846923 289
./resumbk_mve.sh 6.4874938436504515 33.383887109995484 151.98445006646702 18.688959280183973 290
