./submitresumbk_nlohh_fitc_c_2.sh 88.60012462237543 117.44801265504097 23.017231125044354 7.880428560633606 1.2205928945469555 0
./submitresumbk_nlohh_fitc_c_2.sh 89.7068568350213 117.56191923856551 22.940232696458555 7.744881610596524 1.2131529647492996 1
./submitresumbk_nlohh_fitc_c_2.sh 87.43343505516953 117.5457276258864 23.159271685428436 8.09702639722251 1.2124529985896035 2
./submitresumbk_nlohh_fitc_c_2.sh 88.2917665288905 117.2239610131472 23.077557721446922 7.515479483540981 1.2091503045059975 3
./submitresumbk_nlohh_fitc_c_2.sh 88.50457574906522 117.69015624961723 23.171691442426983 7.413816494525539 1.2135883447221734 4
./submitresumbk_nlohh_fitc_c_2.sh 88.97311983274219 118.80006406866015 23.149111280694466 7.0080901575571595 1.2014592687660797 5
./submitresumbk_nlohh_fitc_c_2.sh 88.29821256748983 117.97376187611205 23.10489081487606 7.757360961287992 1.2209670693155628 6
./submitresumbk_nlohh_fitc_c_2.sh 88.27667899768666 117.51359758911393 23.02361838707746 7.673157591800993 1.223352810293526 7
./submitresumbk_nlohh_fitc_c_2.sh 89.05131077173971 117.8138209437223 23.0505780695951 7.324968864138363 1.2052227896210992 8
./submitresumbk_nlohh_fitc_c_2.sh 88.06943696260083 117.23364598653531 23.017098198371535 8.081195573612288 1.209697277741422 9
./submitresumbk_nlohh_fitc_c_2.sh 88.62575867203009 117.95035091317686 23.08201650350404 8.04810317887038 1.2191373604083677 10
./submitresumbk_nlohh_fitc_c_2.sh 88.01277128652748 118.1993957572333 23.23830227632994 8.079236904437966 1.2235177944426787 11
./submitresumbk_nlohh_fitc_c_2.sh 88.95417407880458 118.12756471542757 22.998735248710403 7.8394666890221165 1.2085131860962766 12
./submitresumbk_nlohh_fitc_c_2.sh 88.59285315325619 117.37381363829861 22.9580207087755 7.560772414764514 1.2051385916908832 13
./submitresumbk_nlohh_fitc_c_2.sh 87.83950668984328 118.40892159831593 23.328433317417968 7.74527444308617 1.2213282238634513 14
./submitresumbk_nlohh_fitc_c_2.sh 88.89953239277763 117.4930031731195 22.95996954475902 8.110508778082586 1.2142169536173957 15
./submitresumbk_nlohh_fitc_c_2.sh 87.33822342215343 116.8969326242668 23.161031471393198 8.396330973006691 1.2278598416917743 16
./submitresumbk_nlohh_fitc_c_2.sh 87.08899985162483 116.1034445507969 23.043965694941484 7.849546562378714 1.2404206591349078 17
./submitresumbk_nlohh_fitc_c_2.sh 87.96145185904585 117.55529168189854 23.13277363685108 7.562600179024882 1.2070829212534544 18
./submitresumbk_nlohh_fitc_c_2.sh 89.2082442722401 117.6295122134336 22.845825918565062 7.828466880087379 1.1928013033056903 19
./submitresumbk_nlohh_fitc_c_2.sh 88.3034775264585 117.23034610167527 22.949430042629984 7.959979748053759 1.210885202589983 20
./submitresumbk_nlohh_fitc_c_2.sh 88.64609709806719 117.40788509733325 22.866103019632344 8.109538600180217 1.220207753741208 21
./submitresumbk_nlohh_fitc_c_2.sh 87.68993668617154 118.4109512734632 23.25132104652671 8.081950433233665 1.2277149690373597 22
./submitresumbk_nlohh_fitc_c_2.sh 87.97930688786191 118.31686168318653 23.374320885755896 7.307919683650108 1.2369751438061891 23
./submitresumbk_nlohh_fitc_c_2.sh 88.42224807796751 118.73293039982639 23.237488275154814 7.453474636691158 1.2103465691245767 24
./submitresumbk_nlohh_fitc_c_2.sh 88.69425919567888 118.20694967614875 23.128157584378716 7.701402335939256 1.2177640222600368 25
./submitresumbk_nlohh_fitc_c_2.sh 87.54626353036267 118.27135785212435 23.324640991668268 8.09401997810691 1.2386110413514781 26
./submitresumbk_nlohh_fitc_c_2.sh 88.63167677349449 117.98953742244717 23.032187858035844 8.189948138832122 1.2026722762613933 27
./submitresumbk_nlohh_fitc_c_2.sh 88.23649134017941 117.49176364572587 23.124073597500413 7.631351397191148 1.2238863586591742 28
./submitresumbk_nlohh_fitc_c_2.sh 87.59458412701184 118.19300685801984 23.37891101432819 7.677412221845499 1.2344605973391103 29
./submitresumbk_nlohh_fitc_c_2.sh 88.59896269143043 119.42650841745278 23.328918320005723 8.0208673469717 1.2161397108544283 30
./submitresumbk_nlohh_fitc_c_2.sh 88.16228247776303 118.18032496953249 23.246254930406653 8.04355909894628 1.22436125753303 31
./submitresumbk_nlohh_fitc_c_2.sh 88.73202161558488 117.27306693237372 22.943706154131576 8.01290362971934 1.222455116110634 32
./submitresumbk_nlohh_fitc_c_2.sh 89.26049533929515 118.71571445897455 23.087085672536112 7.827700107312497 1.2044306694422384 33
./submitresumbk_nlohh_fitc_c_2.sh 88.83525303853685 117.61234413980472 22.91871375054755 8.405920906727966 1.222203313533034 34
./submitresumbk_nlohh_fitc_c_2.sh 88.25571634872739 117.50220924798253 22.99445701268695 8.57855879805584 1.208795829649494 35
./submitresumbk_nlohh_fitc_c_2.sh 88.66805774569164 117.28859771703081 22.991451947664 7.538923788334583 1.2192345708433745 36
./submitresumbk_nlohh_fitc_c_2.sh 88.33818342150103 119.06636545214235 23.30601365821256 7.672804398331137 1.2131130507438386 37
./submitresumbk_nlohh_fitc_c_2.sh 87.78070081772651 117.70979088667393 23.13251177681868 8.175995181044987 1.2185610792986628 38
./submitresumbk_nlohh_fitc_c_2.sh 88.34551185156766 116.50187914384092 22.943783470961645 7.6428314587543165 1.2161871703900253 39
./submitresumbk_nlohh_fitc_c_2.sh 88.86102594367016 117.22280981829226 23.036872971714786 7.795768705424412 1.217789595589342 40
./submitresumbk_nlohh_fitc_c_2.sh 88.11735015150717 116.74811187750464 22.90920002357855 8.359590731315825 1.2167357929121305 41
./submitresumbk_nlohh_fitc_c_2.sh 88.9617236419616 118.6260968724728 23.239371620044135 7.400811364310593 1.2132630504363304 42
./submitresumbk_nlohh_fitc_c_2.sh 89.08681867871414 117.95185097470338 22.969539492867714 7.771564404997452 1.2131313386249176 43
./submitresumbk_nlohh_fitc_c_2.sh 88.31456136844835 117.51297128125803 23.048279615238393 8.500077957277998 1.2157396289906677 44
./submitresumbk_nlohh_fitc_c_2.sh 89.45230632407339 117.27647019352737 22.822689961553504 8.005883610022419 1.2109747623456837 45
./submitresumbk_nlohh_fitc_c_2.sh 87.15007229661546 115.92787202683101 22.951738496150593 8.371551123619778 1.226851508419666 46
./submitresumbk_nlohh_fitc_c_2.sh 88.67072164261796 117.44186737329828 22.997438302423262 7.931581281863416 1.2106268457268141 47
./submitresumbk_nlohh_fitc_c_2.sh 88.62399007134036 118.8564402340918 23.2369196724333 7.839867939400286 1.2114241978212117 48
./submitresumbk_nlohh_fitc_c_2.sh 88.45559832653227 117.97128123630837 23.158884094185836 8.301075820788448 1.2276616720219065 49
./submitresumbk_nlohh_fitc_c_2.sh 88.17962087014774 117.07675888764966 23.00998988238771 8.423770730112953 1.2233048387778616 50
./submitresumbk_nlohh_fitc_c_2.sh 88.32492356137432 117.9325874938558 23.202506477710706 7.748055813939821 1.234181887455069 51
./submitresumbk_nlohh_fitc_c_2.sh 87.68311340292718 117.83937040658255 23.16232844261334 8.496299317829275 1.2177114040059922 52
./submitresumbk_nlohh_fitc_c_2.sh 87.39178442882422 117.59952728078196 23.262528647273466 7.731126927309532 1.2349954339281068 53
./submitresumbk_nlohh_fitc_c_2.sh 89.04346258354497 117.71334526074304 23.04265139057666 7.477535773956681 1.2241795403618863 54
./submitresumbk_nlohh_fitc_c_2.sh 88.02963171290011 118.08434617994583 23.209021931609847 7.5829765261989905 1.2193259477856075 55
./submitresumbk_nlohh_fitc_c_2.sh 88.0623010434405 117.11100187338123 22.90188302082374 8.321681807325634 1.2055212697906657 56
./submitresumbk_nlohh_fitc_c_2.sh 87.1901091260523 117.7556295970881 23.324145036991574 7.908102538677247 1.228976583456669 57
./submitresumbk_nlohh_fitc_c_2.sh 88.09562395728574 118.54195923644635 23.214809070943236 7.878772900054105 1.218631286888022 58
./submitresumbk_nlohh_fitc_c_2.sh 88.90058679848907 118.83264325399479 23.157016764813203 7.6268682444759435 1.2078814672246252 59
./submitresumbk_nlohh_fitc_c_2.sh 88.50691072499082 118.19349734039614 23.07784008500824 7.5084494354504985 1.2265751718936015 60
./submitresumbk_nlohh_fitc_c_2.sh 88.8331360176421 117.83076609696757 23.077101775685037 7.797880343197638 1.2145461144779746 61
./submitresumbk_nlohh_fitc_c_2.sh 88.74401091642491 117.88340481958444 22.95887489166232 8.016625614198182 1.2026602727994866 62
./submitresumbk_nlohh_fitc_c_2.sh 88.04289169260538 118.10767627930895 23.21821828587306 8.148319407473513 1.2183074759299661 63
./submitresumbk_nlohh_fitc_c_2.sh 88.81304272447488 118.14386002115327 22.992690858874187 8.28437887413137 1.2059058560484504 64
./submitresumbk_nlohh_fitc_c_2.sh 87.89595967500533 118.68241488243015 23.359983160545855 8.192266432527289 1.2218295628528293 65
./submitresumbk_nlohh_fitc_c_2.sh 87.67089520186633 116.72648415594846 23.118189028464233 7.995517439236192 1.2400382787153315 66
./submitresumbk_nlohh_fitc_c_2.sh 87.86490530828021 118.01182286126706 23.283936546863803 7.7418293727628456 1.228326831606108 67
./submitresumbk_nlohh_fitc_c_2.sh 89.85269533492813 117.81502823512173 22.861090626461753 7.191279373410122 1.1993547617296156 68
./submitresumbk_nlohh_fitc_c_2.sh 88.2839173077596 118.45628742060144 23.198100624662935 7.496032954108937 1.221345163482455 69
./submitresumbk_nlohh_fitc_c_2.sh 88.47686331834491 116.48372997866527 22.88939917888333 7.543327993020825 1.2129880812181273 70
./submitresumbk_nlohh_fitc_c_2.sh 86.9800042531103 116.8351827723703 23.15314488054319 8.54758244296699 1.241759208682126 71
./submitresumbk_nlohh_fitc_c_2.sh 88.44937126991039 117.4330200688843 22.98291229765374 8.22989782987695 1.2183301939282187 72
./submitresumbk_nlohh_fitc_c_2.sh 88.80909334452713 118.65538971029254 23.245158628247648 7.643127262484418 1.2167229115060703 73
./submitresumbk_nlohh_fitc_c_2.sh 88.71342549617795 117.40315775838096 22.95191358315474 7.70742483370102 1.1942886715900876 74
./submitresumbk_nlohh_fitc_c_2.sh 88.34688905014005 118.2782167583876 23.173764378643362 7.781131951974317 1.2121218661247872 75
./submitresumbk_nlohh_fitc_c_2.sh 88.17766120766386 118.6576964127824 23.17910868381495 8.480950262667857 1.226836299456023 76
./submitresumbk_nlohh_fitc_c_2.sh 88.29780773978054 118.09437670741842 23.126633088582285 8.66349204783327 1.221409624998762 77
./submitresumbk_nlohh_fitc_c_2.sh 87.79585197800861 117.76042899581148 23.176969505134167 8.417972001421127 1.2341619381245714 78
./submitresumbk_nlohh_fitc_c_2.sh 88.05573092221228 118.22522593712625 23.22392821762351 7.593461326982596 1.2127585657410282 79
./submitresumbk_nlohh_fitc_c_2.sh 88.35183889052134 117.03494042115527 22.926751508301503 8.49773335101725 1.2282714131896162 80
./submitresumbk_nlohh_fitc_c_2.sh 88.2377866963599 118.00672872287653 23.16101812823841 7.303820022896303 1.2152871514412904 81
./submitresumbk_nlohh_fitc_c_2.sh 87.82915668925712 117.81028265887602 23.295092056729047 7.50583687465368 1.2162768662195231 82
./submitresumbk_nlohh_fitc_c_2.sh 88.88731730930688 118.18538489758234 23.06705735065949 7.553883994627426 1.213849658413683 83
./submitresumbk_nlohh_fitc_c_2.sh 87.39948375920443 118.67874479147504 23.388611211597958 8.011518833521587 1.2226087594720565 84
./submitresumbk_nlohh_fitc_c_2.sh 87.04837282507016 117.08267390189027 23.131844992961685 8.23240237331349 1.2212830876887595 85
./submitresumbk_nlohh_fitc_c_2.sh 88.4463882355387 118.06486971007958 23.227302337941826 7.359668858149931 1.2235183825339508 86
./submitresumbk_nlohh_fitc_c_2.sh 87.23601383994135 118.15318485599735 23.418981755328808 8.028224449695156 1.2395373709914157 87
./submitresumbk_nlohh_fitc_c_2.sh 88.53635471274261 117.54736750313627 23.097087539601368 8.295880117093068 1.22969598601364 88
./submitresumbk_nlohh_fitc_c_2.sh 88.97485308913926 117.58462987616379 22.87320975049989 7.970600295663252 1.1901638116335655 89
./submitresumbk_nlohh_fitc_c_2.sh 89.02589044825605 117.25684567914675 22.85178516527098 8.05624719365187 1.2041824174686 90
./submitresumbk_nlohh_fitc_c_2.sh 88.6138022615824 117.26723172862849 23.082765322686296 7.591332331159709 1.2295404476683542 91
./submitresumbk_nlohh_fitc_c_2.sh 87.41345655455612 118.4294954755385 23.398248145321464 7.522317308989316 1.2204677290198147 92
./submitresumbk_nlohh_fitc_c_2.sh 88.13044962179819 117.65580610178122 23.092340928295492 7.496235576544935 1.2237725972504594 93
./submitresumbk_nlohh_fitc_c_2.sh 88.50548839642413 117.42077202023489 23.031537483242904 8.020405995242614 1.215137310653613 94
./submitresumbk_nlohh_fitc_c_2.sh 88.4091996748807 118.26285554677027 23.01172530547012 8.328980576299037 1.1969441351782628 95
./submitresumbk_nlohh_fitc_c_2.sh 88.8207354648755 116.79757547585056 22.834746728418004 7.508118780187458 1.2023384520937987 96
./submitresumbk_nlohh_fitc_c_2.sh 88.51915973888735 117.98434450818219 23.085601586250814 7.828062919725677 1.220308730531304 97
./submitresumbk_nlohh_fitc_c_2.sh 88.5323183857286 118.77878990128958 23.300665751298062 7.322758039586079 1.2205041184407177 98
./submitresumbk_nlohh_fitc_c_2.sh 88.74127481124786 116.25665896497435 22.735252140434913 8.174087788941074 1.211741891610154 99
