./resumbk_mve.sh 8.974791969226677 16.58753909139525 81.586104677276 30.36711907548424 0
./resumbk_mve.sh 1.620769516904142 11.07184482375877 119.18556056102285 17.807864352652143 1
./resumbk_mve.sh 6.032340838046711 18.2825844397928 155.79326355760722 47.91510045503322 2
./resumbk_mve.sh 1.0796363101369988 29.99480188811749 86.89990415006805 41.02562650083466 3
./resumbk_mve.sh 1.2313900954911479 15.115265187337364 145.10653448685366 13.702711052725856 4
./resumbk_mve.sh 8.14192994019386 20.148805615005664 160.99658740933768 25.993027091173694 5
./resumbk_mve.sh 3.1866789841548964 21.860651526474037 95.1148645704882 11.194681475902662 6
./resumbk_mve.sh 1.353992239779052 16.73928107358951 131.42235904524 26.74643666233598 7
./resumbk_mve.sh 1.9923419035709902 28.863977930773846 174.45493077887227 50.95885353756612 8
./resumbk_mve.sh 7.837537795309267 11.84506474374451 51.50921874782052 30.02556962298757 9
./resumbk_mve.sh 8.508923852318901 34.49343808317937 85.46244948290486 45.98178389557815 10
./resumbk_mve.sh 1.3697736510395373 39.85372813853867 179.36757883151856 41.9586150810882 11
./resumbk_mve.sh 3.6525911489674825 18.63312133846125 56.48665269716448 21.621193133113145 12
./resumbk_mve.sh 8.020231763105981 34.25151993524066 146.46997034593926 5.027910076663021 13
./resumbk_mve.sh 2.143776856481473 17.03567975949784 54.2697035683312 50.63667362614274 14
./resumbk_mve.sh 2.093121560483088 12.408123811202922 162.04181026099167 39.57314748767933 15
./resumbk_mve.sh 6.654126970020176 25.934589016431083 163.55737413594824 42.644901182928145 16
./resumbk_mve.sh 5.5266437528749845 24.487047613040474 157.18151367487192 7.317640737535822 17
./resumbk_mve.sh 5.153004557929853 17.892546464056338 183.3563191050478 47.10064161707295 18
./resumbk_mve.sh 5.832574963877012 12.852137645829314 152.64475520796947 23.71380621166633 19
./resumbk_mve.sh 7.890893187317283 14.422039992978174 172.18975922755374 32.2296051756002 20
./resumbk_mve.sh 8.746593248190056 16.34325990883989 174.73602801153794 28.77250137687037 21
./resumbk_mve.sh 3.369633668532105 39.214227878808614 145.63628408113556 44.94311547986252 22
./resumbk_mve.sh 9.783202392993926 19.38244463504439 113.38702576335731 27.11948098212772 23
./resumbk_mve.sh 4.8017707570492885 22.208103898648176 164.3337595459821 33.40507588926231 24
./resumbk_mve.sh 6.914972475450659 33.22628187828738 182.58180238766312 48.58788097356808 25
./resumbk_mve.sh 6.577406685898686 12.951418843546724 73.31096808423823 7.803283077887822 26
./resumbk_mve.sh 9.617376631614746 23.26984756746882 179.88372224327725 46.96734041673402 27
./resumbk_mve.sh 3.2175324948067403 13.10478977531849 115.92905025258963 10.938228799411993 28
./resumbk_mve.sh 3.330215424038628 15.762227672698677 138.12299055012787 14.234596233982852 29
./resumbk_mve.sh 2.5909668273583337 37.06145099675278 135.7034050576063 48.98262385118816 30
./resumbk_mve.sh 8.49928831529577 36.6742613073198 62.766117759353214 35.375415115841975 31
./resumbk_mve.sh 7.536007765359659 18.13746509682001 95.88026511518127 36.35996191863686 32
./resumbk_mve.sh 4.466081834289047 26.4486545606704 175.16776699852232 2.6697491639940987 33
./resumbk_mve.sh 9.632171181937151 24.149010414412665 138.97521924470018 9.990484542296377 34
./resumbk_mve.sh 4.6447065087353945 22.463188690367588 174.90821493437844 41.6177357517055 35
./resumbk_mve.sh 9.109195595685568 26.68778500097078 174.84352936417775 35.356282871163415 36
./resumbk_mve.sh 4.706305417812322 16.27157482145397 110.36787788179497 29.794720564339574 37
./resumbk_mve.sh 3.8405044686940406 10.553280272983777 65.97177427548324 4.207116416481192 38
./resumbk_mve.sh 2.3696760058189668 14.013093061938743 171.9465600961934 45.20409387679313 39
./resumbk_mve.sh 7.89972291336092 24.75879601069944 111.67614445502518 4.604346205849806 40
./resumbk_mve.sh 6.726598131006121 21.66536518309227 68.92062602938654 46.72999891234814 41
./resumbk_mve.sh 2.7388645194131342 10.162115765419566 128.10201521473 10.628056553510318 42
./resumbk_mve.sh 8.67704564620701 16.48919784771347 22.924879312858064 43.93692078353994 43
./resumbk_mve.sh 6.526466100776678 13.799227051577773 176.9674037399294 23.747510077558083 44
./resumbk_mve.sh 5.328996788376818 18.97273188345418 170.68293838082766 26.814592904356914 45
./resumbk_mve.sh 9.994333948969983 10.499848429858218 136.13580125288786 21.337844525965934 46
./resumbk_mve.sh 9.182311656634807 19.158076360011698 156.1083333780664 49.39812069083023 47
./resumbk_mve.sh 8.535403174679205 36.403322619992394 112.52494709054078 2.848737493960705 48
./resumbk_mve.sh 3.4743482894631423 20.53849201482344 91.11697079972463 40.69209079675409 49
./resumbk_mve.sh 7.674199782710774 39.65156540350904 26.610869053398332 24.204485170194214 50
./resumbk_mve.sh 9.589899507897494 25.094183116744553 182.84877984066384 41.82099822741732 51
./resumbk_mve.sh 8.859216545150758 13.270865477333235 174.01680026048086 7.001703469242356 52
./resumbk_mve.sh 3.049583624560091 39.14689554975097 171.6692077579994 15.106918794617169 53
./resumbk_mve.sh 7.638935584953778 14.985750600123744 141.95548214806456 38.79119298534723 54
./resumbk_mve.sh 6.414633893628613 35.70711771128167 171.40924348174812 32.37907905145342 55
./resumbk_mve.sh 1.1781125847569185 17.102179674423404 167.7369944992452 9.819778894672162 56
./resumbk_mve.sh 6.937471304498989 11.862743701922671 137.07686677062952 3.3232046018244104 57
./resumbk_mve.sh 5.553467963657353 38.960158534921334 88.50852240702915 38.247821805645806 58
./resumbk_mve.sh 2.963985159594565 15.275652292606708 102.12644853946975 4.819532389557159 59
./resumbk_mve.sh 8.877375844727936 23.674301305784084 175.99834953708253 13.815600046505295 60
./resumbk_mve.sh 1.2656101868169949 24.003454097979105 181.17186452238127 26.444380800179022 61
./resumbk_mve.sh 6.253478332140205 39.46698147398061 132.1479160823486 12.952830885257585 62
./resumbk_mve.sh 2.8227569355631545 27.634795756812174 140.5425770614625 3.961924749858695 63
./resumbk_mve.sh 5.592913810526588 21.43824442363912 113.65857652258924 50.197256411572425 64
./resumbk_mve.sh 5.884422033859531 28.480864866453164 159.37971339821615 19.778571604928832 65
./resumbk_mve.sh 5.816735509026048 11.473687500140695 164.58359029637347 48.393814935524496 66
./resumbk_mve.sh 6.676397247975187 13.17608733129984 111.17854581175408 36.079659565902695 67
./resumbk_mve.sh 2.016438948183031 25.70335591425915 140.34937194534848 17.19396258074824 68
./resumbk_mve.sh 5.752617952684571 13.633439667767282 152.51754522216618 18.17446035212103 69
./resumbk_mve.sh 3.343741953192196 27.87141544049187 177.73288483319195 42.53657861247175 70
./resumbk_mve.sh 2.0522461483887255 32.74042526927013 137.5768904579992 34.863348356510244 71
./resumbk_mve.sh 9.951195184127789 38.81516257327667 105.73390317816218 47.45951753569459 72
./resumbk_mve.sh 9.299300678496946 17.4580337852 172.88600056200292 42.220852803505935 73
./resumbk_mve.sh 1.2418131506337284 12.31025631144486 126.90100814671452 37.74925003060605 74
./resumbk_mve.sh 2.859453271196506 36.36153627462077 49.53268068941588 34.14298603362917 75
./resumbk_mve.sh 9.931286477715025 25.561204596376992 174.50313715122385 48.289696097422706 76
./resumbk_mve.sh 6.858809440188678 10.103663327658245 151.84518075236969 25.693203715654814 77
./resumbk_mve.sh 9.791924805900603 39.23430001289865 86.38397882764654 19.300693971069407 78
./resumbk_mve.sh 2.8823607296194376 15.328702523473675 143.95137890557533 44.43149631691157 79
./resumbk_mve.sh 2.7677999992702538 14.44423094721035 178.38409684722916 26.273805071110356 80
./resumbk_mve.sh 7.252593433173373 36.916872755974794 78.97265391891925 28.068071244395345 81
./resumbk_mve.sh 8.271300738734835 25.265879810671223 143.26573622311963 11.270428776408771 82
./resumbk_mve.sh 8.566955422639639 17.4386025641503 170.3571639980384 33.221713545588436 83
./resumbk_mve.sh 2.033929344221087 24.26492861385986 171.85158135132804 28.84170372293086 84
./resumbk_mve.sh 4.562293539840997 33.48594670911215 128.9666695148365 17.225443863450632 85
./resumbk_mve.sh 5.5179080012190855 16.63168480547875 175.30184983540076 14.539056600475297 86
./resumbk_mve.sh 3.705699888041966 13.30526350656092 78.03781809401623 8.206663699617904 87
./resumbk_mve.sh 6.546958345729397 17.62467545759785 135.57009483051334 18.995621995224386 88
./resumbk_mve.sh 4.26151158126537 10.359244008672377 95.43785456738625 30.737605149528406 89
./resumbk_mve.sh 5.1298131365559545 34.549523933922586 25.835749094587303 3.6369753527743067 90
./resumbk_mve.sh 4.751757960672531 18.402935859060086 182.70081486819322 7.063675967493336 91
./resumbk_mve.sh 9.875426819668839 34.01039083392628 166.9058805336948 33.54641965810284 92
./resumbk_mve.sh 4.336592957676107 33.83299709471007 37.14500804841127 10.303447361882945 93
./resumbk_mve.sh 8.485258427704961 24.54209861009614 128.5390245761953 11.774775041277909 94
./resumbk_mve.sh 7.024908650558134 34.351731250071886 158.7018304152637 41.272424781940316 95
./resumbk_mve.sh 9.285687425451915 29.30396604679568 118.90760638197312 35.47219303094315 96
./resumbk_mve.sh 6.524095667213262 20.345918873402347 173.68903599443334 15.361781011977765 97
./resumbk_mve.sh 8.630210584359208 15.857320780170607 115.01802556236959 46.24234090429611 98
./resumbk_mve.sh 2.2091281362041877 35.49344047394415 134.84380407874505 44.628375029024625 99
./resumbk_mve.sh 8.167779301071672 23.559034318585464 169.3660815429511 35.7922401313748 100
./resumbk_mve.sh 4.455991095182003 38.47897149507704 180.36842336079704 47.35534629744685 101
./resumbk_mve.sh 7.591750998605038 31.135054012977132 109.99200594455513 16.34723353366838 102
./resumbk_mve.sh 3.798880468435627 19.32352665795733 30.595044946241202 6.568784007065069 103
./resumbk_mve.sh 1.099159414156595 22.730390716481132 143.39008429478534 32.89125716068171 104
./resumbk_mve.sh 9.432649313257818 15.202221831494546 101.13621097560784 9.236544288435176 105
./resumbk_mve.sh 3.9562218357087913 23.884887791729938 17.363177364415698 23.52448978650141 106
./resumbk_mve.sh 6.225114504040405 34.835491347988054 178.80071765534245 39.23501764453316 107
./resumbk_mve.sh 2.7984880260223455 13.907011253185596 154.83846226822416 32.278580595806844 108
./resumbk_mve.sh 1.566076314269952 22.689864198793927 114.49773326586664 50.06733976952081 109
./resumbk_mve.sh 8.426219509355018 28.236401507402032 126.3622164255145 12.293122176957402 110
./resumbk_mve.sh 5.293863673174306 24.80709290261896 157.33629797961567 21.804718840711512 111
./resumbk_mve.sh 8.89703982635932 16.439703706261064 156.33343784477162 45.35814710068042 112
./resumbk_mve.sh 4.369266617272506 17.599004678911015 67.89787762854489 3.0382992402137625 113
./resumbk_mve.sh 1.7051091876500015 23.254807597413723 166.78442558176974 34.38666100219224 114
./resumbk_mve.sh 2.6050581122233782 13.502615658944176 84.8589044137583 35.70529014287275 115
./resumbk_mve.sh 3.5451636566814297 37.21891391874684 130.19368904384993 31.470215563853177 116
./resumbk_mve.sh 6.467850140132311 10.623677166494284 180.68922207053703 14.731083594434452 117
./resumbk_mve.sh 8.815630461048347 37.83788391133789 173.90308621697386 49.71756735728565 118
./resumbk_mve.sh 7.972938807272054 19.0607350914553 73.89958419330316 24.504356015100708 119
./resumbk_mve.sh 2.709194048195881 31.240970607815456 106.46944759680296 7.560282650301369 120
./resumbk_mve.sh 7.126218260357809 16.84537475271193 74.29368307463987 33.171934726747914 121
./resumbk_mve.sh 4.020389413546277 36.29070087579122 137.35122109209507 48.825301756082 122
./resumbk_mve.sh 5.483132047422526 20.2870178750679 151.22891061961883 3.8237332481748445 123
./resumbk_mve.sh 1.531755414677326 26.871575805992887 171.43395366000067 29.473944339515977 124
./resumbk_mve.sh 4.971232355174222 29.210378217731343 182.47477562441205 10.258718687663858 125
./resumbk_mve.sh 6.349037378604391 16.366942156227704 177.03522215450548 48.14072749118702 126
./resumbk_mve.sh 4.232121874150015 31.36578572082475 97.34844040737859 45.59737240056704 127
./resumbk_mve.sh 5.05517627508025 14.547187335025779 98.10950143816791 11.62704826984394 128
./resumbk_mve.sh 4.5112925187755595 25.885707166586695 170.21443790586602 6.601952037830121 129
./resumbk_mve.sh 5.750566598734171 31.19480590150689 118.36286655643842 12.339257526771576 130
./resumbk_mve.sh 3.442053591553725 24.898359820275186 177.95932256110132 26.9557970671773 131
./resumbk_mve.sh 4.003419221949474 30.35309575188941 175.1089782497623 24.68053416791374 132
./resumbk_mve.sh 5.87255633634952 12.768947776603206 138.64241936264386 8.963076071448887 133
./resumbk_mve.sh 1.9386123854938917 39.32682992057926 136.85604754861853 27.00398769424968 134
./resumbk_mve.sh 9.919948366760737 32.26343858817114 153.48753454029506 28.020303892596772 135
./resumbk_mve.sh 8.090517122577545 11.177324029117301 2.200442244757526 47.82515650815058 136
./resumbk_mve.sh 9.226097851719976 16.050847105096544 158.93446981779698 49.515220990743686 137
./resumbk_mve.sh 3.1148145838642045 12.107111832578928 152.1617596778009 45.266662322881565 138
./resumbk_mve.sh 5.79250455263011 37.32291376008084 81.47110724139799 33.62374095761654 139
./resumbk_mve.sh 5.965353274646014 31.049038517725144 133.79885503376508 25.825943681803466 140
./resumbk_mve.sh 6.201099616837093 36.554632654211304 172.58353227794416 18.212176083001868 141
./resumbk_mve.sh 7.919401165069685 35.8668345183073 180.0202224072349 2.950398285183425 142
./resumbk_mve.sh 3.2620652132344485 17.724098762365887 148.3958830077217 13.227810937190132 143
./resumbk_mve.sh 9.270846075567569 23.85306914754141 102.48635591856308 33.90720300719071 144
./resumbk_mve.sh 9.523251470869882 19.78516704003421 148.13000179797513 36.9056931492511 145
./resumbk_mve.sh 6.059334645169479 27.57295136432144 52.41241347942228 48.69588307848227 146
./resumbk_mve.sh 3.503410123771121 10.996801082742763 163.30226347723533 20.43283359193413 147
./resumbk_mve.sh 7.7466642091605635 21.14394084765148 163.77433617776876 49.88171475772177 148
./resumbk_mve.sh 6.156879034205501 10.231352912971651 161.8328485755211 24.259854098558797 149
./resumbk_mve.sh 1.045347147306687 26.782612172860528 76.097062580313 46.55806664577826 150
./resumbk_mve.sh 1.3267150244344037 38.0983639480281 121.35211722029 27.934541884086897 151
./resumbk_mve.sh 4.574489729564214 14.119350332976868 82.95144518523944 39.9997357006492 152
./resumbk_mve.sh 9.02287210015337 34.98637803771019 108.283897507893 12.182977592372316 153
./resumbk_mve.sh 9.893278121187048 37.14444102459743 147.34200252729508 8.623974068716453 154
./resumbk_mve.sh 4.60626672622905 23.56973482417948 85.91364404664444 46.12666374795854 155
./resumbk_mve.sh 5.8549017934392324 24.438019390820287 89.84390217293239 28.68494258469868 156
./resumbk_mve.sh 4.628973782738915 19.503148042851933 135.38781186970243 38.05693151654204 157
./resumbk_mve.sh 3.4546599628786896 22.58879215565839 10.327256279515577 41.73972740510488 158
./resumbk_mve.sh 3.913650802699264 15.400959097045533 178.2967659494796 9.684251070347088 159
./resumbk_mve.sh 8.766493785010837 38.39852506721036 123.85658352521797 37.85344987341742 160
./resumbk_mve.sh 1.3142646341120305 29.484175876061244 138.7195456400277 35.24389089596054 161
./resumbk_mve.sh 7.769740523837523 22.89843138181729 133.10530016888157 8.750855539260646 162
./resumbk_mve.sh 6.875366080703902 36.501699665582116 168.2067256260995 44.18814261699387 163
./resumbk_mve.sh 6.83349771556344 36.12039423770469 167.02859187380253 36.78475397127139 164
./resumbk_mve.sh 8.43787978266421 21.700448203719972 120.93176201452074 11.484261707297648 165
./resumbk_mve.sh 6.214469758231805 19.578550324314605 75.60478103646938 15.254507920699458 166
./resumbk_mve.sh 8.185939108733743 26.13594242292474 150.22182503962458 7.481121776184624 167
./resumbk_mve.sh 8.797536765871431 36.983171326820184 119.80131796401419 5.332815692446308 168
./resumbk_mve.sh 9.846402494368279 21.308452066891967 162.94552258069993 43.08402265451037 169
./resumbk_mve.sh 5.3040242322863556 10.742711251940491 127.0480742357533 47.50479575942857 170
./resumbk_mve.sh 9.720886084665475 31.60002774329504 40.684170475485196 43.96961260549512 171
./resumbk_mve.sh 1.6650166145351983 29.084224850450283 98.26712521461418 41.15128062114385 172
./resumbk_mve.sh 7.158351518601252 20.70558195587255 141.04268555135067 25.369910571943713 173
./resumbk_mve.sh 5.987230681003374 30.995091834297245 154.63990928615547 25.404981426419955 174
./resumbk_mve.sh 7.874484743869498 27.699215433678344 155.57309405781965 31.565413652839663 175
./resumbk_mve.sh 8.793692013853322 39.05307994755351 92.87913010563707 13.06140056479434 176
./resumbk_mve.sh 5.473286681556028 29.38338251696351 112.3400714280718 42.47857367307322 177
./resumbk_mve.sh 6.759844986533197 10.385405397327009 182.08486350765324 22.577997885905727 178
./resumbk_mve.sh 2.9487998909795796 35.66487220888028 119.44115081795532 40.379885791410416 179
./resumbk_mve.sh 4.07005718818718 29.897785819118177 157.66609024406424 28.272006425432917 180
./resumbk_mve.sh 1.630010567435055 35.5612554062176 181.81988925373417 7.895959523456388 181
./resumbk_mve.sh 7.2954449357763185 33.76013220007631 148.7895577027889 5.2687356795607805 182
./resumbk_mve.sh 7.4537578408978575 11.961278259295552 166.07332950896173 5.636371434856826 183
./resumbk_mve.sh 1.730290515474156 34.93763855295143 7.321697590483807 22.07093991086476 184
./resumbk_mve.sh 7.643686280080785 25.746978624306678 134.2728944859652 20.55120477607801 185
./resumbk_mve.sh 1.5414452561071965 17.7891066157146 151.1506466225904 18.38751564997481 186
./resumbk_mve.sh 6.959516649431165 19.6738015810306 181.35142938074708 22.15076253942893 187
./resumbk_mve.sh 6.040111942387557 39.811975341714756 168.8132953132161 15.344973932833105 188
./resumbk_mve.sh 7.174034004381272 28.60834944771259 93.64058196565999 46.00525321633601 189
./resumbk_mve.sh 8.455562016171903 11.327368961484522 180.55963886916285 46.97910889763792 190
./resumbk_mve.sh 9.200356493970528 26.23056317419595 39.35682101410196 31.933664979564632 191
./resumbk_mve.sh 1.9096328752687872 32.60741029463372 160.48238290812296 27.471349477213483 192
./resumbk_mve.sh 9.873589185790454 25.17844665833874 139.4401529950122 19.877894480413257 193
./resumbk_mve.sh 4.206965594211981 29.832442751305816 134.98248565442051 43.73920755598476 194
./resumbk_mve.sh 8.724012055688272 21.957552281571658 97.1006112780604 21.25676753422084 195
./resumbk_mve.sh 8.323978109080219 22.995079788395987 156.52523819178722 42.12442800794798 196
./resumbk_mve.sh 3.2928896647350565 22.130968862073154 84.0258303250707 23.609622794749203 197
./resumbk_mve.sh 8.29564205928362 19.18356574448248 171.06035062097263 45.81383835733822 198
./resumbk_mve.sh 8.03941141751573 18.495131626239647 89.40135262620736 38.9713663775856 199
./resumbk_mve.sh 7.2236600880068265 12.530704370412732 41.45459321640181 49.09872177563276 200
./resumbk_mve.sh 7.583955369736316 27.256766247264416 80.11324875257577 29.33211995789979 201
./resumbk_mve.sh 4.312120922315126 21.545055462271097 155.67882818527752 26.533043096718647 202
./resumbk_mve.sh 4.119826603024231 24.35993178955072 125.32204213838297 20.806211322387664 203
./resumbk_mve.sh 8.657599618396139 33.41996279809223 148.60408335217795 25.780343148139558 204
./resumbk_mve.sh 1.6669231435846357 21.623887445769157 153.83962331314993 4.085597098762154 205
./resumbk_mve.sh 7.730623916437449 18.047130517331567 18.974375763219125 5.812303160413267 206
./resumbk_mve.sh 6.95096424404123 30.843898733588098 100.89859092514791 50.830896141654804 207
./resumbk_mve.sh 1.9751269018170419 24.94779236354372 182.20827913071997 42.01090349483237 208
./resumbk_mve.sh 7.933477373554588 35.15729779376444 98.73114252410629 6.047110242033368 209
./resumbk_mve.sh 9.3736015374722 14.194357746323782 161.24291178902723 32.7396373748546 210
./resumbk_mve.sh 3.423839488457089 27.915211847218227 28.36792968658783 16.003936541184306 211
./resumbk_mve.sh 9.217965378103342 38.693715811471904 146.81858654159194 10.47126888111379 212
./resumbk_mve.sh 7.2417036074765875 27.413840443236147 161.07332398144078 25.539460545504518 213
./resumbk_mve.sh 7.301839658686959 12.676786623229983 136.6310316068441 40.943440231437556 214
./resumbk_mve.sh 9.09644196434858 13.180138585771394 157.57380211794666 12.053913790006675 215
./resumbk_mve.sh 6.795680733996236 29.60178830705636 158.17737098402193 3.439000248863252 216
./resumbk_mve.sh 2.3031246182919034 24.21278574855121 165.35275101661952 10.700821731650214 217
./resumbk_mve.sh 1.1587970938044332 35.53096971048252 134.04195925215626 41.479637057082535 218
./resumbk_mve.sh 1.0164653239169106 11.236694601673308 169.63221363122005 19.15969101481771 219
./resumbk_mve.sh 2.1121972958514554 25.382677138339304 168.42944243569843 37.31250146365463 220
./resumbk_mve.sh 4.247731859835456 17.5197128689455 167.88497103738234 21.898025354213825 221
./resumbk_mve.sh 1.4614540168287584 25.23663058008396 76.9338294439386 16.11491607765899 222
./resumbk_mve.sh 2.651756558838042 12.016020390293084 183.5189056645006 4.3078128768161905 223
./resumbk_mve.sh 5.938396884128603 28.955808448657795 178.46358413714123 44.04474458766904 224
./resumbk_mve.sh 8.84476921259827 18.74661359648232 167.59052460657017 43.80447075408412 225
./resumbk_mve.sh 4.923613524703825 28.58728336956488 50.82786506351425 49.28283366152645 226
./resumbk_mve.sh 1.7926243442877967 14.226744925502567 87.43931905318055 17.092082191976615 227
./resumbk_mve.sh 2.2888368885296666 28.83543474993726 180.27992120091474 7.688853637846158 228
./resumbk_mve.sh 4.19942983581035 20.825276013529738 103.3222843493564 10.970986572376782 229
./resumbk_mve.sh 7.323341047353832 17.36275154406261 159.31583382786806 18.61027715369852 230
./resumbk_mve.sh 1.2139664297057962 23.383699908299675 146.0993289457306 6.921119269365658 231
./resumbk_mve.sh 9.657416701578276 26.854213602750605 105.37601864928013 5.90415642583339 232
./resumbk_mve.sh 4.598639263617433 28.26920101433875 151.72368794696428 29.02580034290947 233
./resumbk_mve.sh 2.899245037270477 18.694921055439345 15.916695086025793 47.746799872671275 234
./resumbk_mve.sh 5.688370049016417 31.904806651069993 149.83658983210591 35.01030977188259 235
./resumbk_mve.sh 2.723616877144617 16.068233987177855 72.58247824912367 13.117802616813478 236
./resumbk_mve.sh 3.6124947722458915 20.903173045533073 147.85747996912818 9.142832782794345 237
./resumbk_mve.sh 1.1358564777484266 35.204125699401345 150.3786133785393 35.91829955365959 238
./resumbk_mve.sh 8.36598115858432 31.52879157346027 151.53060852792566 22.766256209921583 239
./resumbk_mve.sh 7.278567899929099 31.792690142960854 121.50131074783123 12.58718180961481 240
./resumbk_mve.sh 3.8206192923757336 27.49538527367324 144.18859389805644 28.943567065446423 241
./resumbk_mve.sh 6.628339079176064 32.429454902941075 5.542028353642508 6.3010149932833315 242
./resumbk_mve.sh 6.365529266547894 19.905794104227166 96.35030164329751 36.31474792858178 243
./resumbk_mve.sh 3.0042232742749566 15.931227294839609 163.05755143825886 42.32207976682219 244
./resumbk_mve.sh 5.421221492198236 13.418799254680788 179.23807552171056 22.337644418968665 245
./resumbk_mve.sh 2.1869962866845554 38.16348736355067 129.7190556597197 36.609888952922084 246
./resumbk_mve.sh 4.051666751151235 14.686611558408476 94.02073194636996 11.987633288200533 247
./resumbk_mve.sh 5.192997691208313 16.709678788448066 108.72897193950297 43.43915110529419 248
./resumbk_mve.sh 8.328737890051753 10.813752986386197 103.87328227043882 23.134185678598467 249
./resumbk_mve.sh 6.394345425154816 11.563991053707365 127.41388457270338 17.326834023186347 250
./resumbk_mve.sh 2.2549010701332066 22.91119063867852 177.39392493552256 10.816473920135893 251
./resumbk_mve.sh 6.637055285734449 23.12240900771281 177.26722598724726 14.984343939178556 252
./resumbk_mve.sh 3.100905560999136 33.087850427566096 125.59530386478585 24.852897432260683 253
./resumbk_mve.sh 9.490113221642282 30.263504961195103 177.48835628833822 40.25946521548348 254
./resumbk_mve.sh 5.671634342170818 36.82953329941351 58.78242091431733 27.647752216050993 255
./resumbk_mve.sh 7.751638379303362 27.151658620607556 91.99308347811156 34.0156001162459 256
./resumbk_mve.sh 8.402527284879957 21.507326901133986 71.78518384945212 18.841302975796253 257
./resumbk_mve.sh 8.146171320067758 34.46093244242678 29.3847721372176 37.95247077130603 258
./resumbk_mve.sh 9.367449782782453 32.5294803778154 179.4611524796659 22.530153054755186 259
./resumbk_mve.sh 4.15468904404077 36.76396703067671 107.33668823969217 15.761580353979967 260
./resumbk_mve.sh 4.682822576902019 22.83532319833614 163.48485576134564 30.46119166503828 261
./resumbk_mve.sh 6.147688337288078 10.0124096290447 150.87748665599906 31.80866522173898 262
./resumbk_mve.sh 2.4347147091734676 11.773185692965356 147.00965250005342 50.37619365150431 263
./resumbk_mve.sh 2.22818879545601 37.53549271937729 138.42371631047612 50.69779949160819 264
./resumbk_mve.sh 5.56853908802041 30.752988982594427 170.81077630929408 33.710059927517094 265
./resumbk_mve.sh 4.834917298916363 32.9649479302154 165.6144686614069 32.696145442921896 266
./resumbk_mve.sh 4.298017716145559 30.765372298620175 176.5385658107926 11.155119239055827 267
./resumbk_mve.sh 1.5856135387155774 35.075959410271395 163.85957206273295 23.306192545061688 268
./resumbk_mve.sh 5.342174701052283 34.20942615647231 182.26258116910125 31.16526773019615 269
./resumbk_mve.sh 7.528419487043758 37.28785647226186 56.72020058784583 16.566887329946617 270
./resumbk_mve.sh 7.466463864570295 36.04653456671732 150.69425273983566 48.92390890636109 271
./resumbk_mve.sh 8.357425278686412 10.716861797349189 124.63254288191199 14.78760707519881 272
./resumbk_mve.sh 3.8516881323914745 26.30106475779475 115.99800063465135 33.07972447833677 273
./resumbk_mve.sh 7.441384038850115 26.336842205337426 126.33008990016313 3.0588590224083 274
./resumbk_mve.sh 4.887128302317655 30.485388830055516 160.61018651711143 50.1006128553409 275
./resumbk_mve.sh 2.124781480717776 13.670753534616196 160.15596035437449 48.477725098143765 276
./resumbk_mve.sh 4.78960868260658 31.99510734464012 142.25656597052668 34.24741810518882 277
./resumbk_mve.sh 2.676746290490617 19.744076031995874 122.98424240629978 40.14114457475816 278
./resumbk_mve.sh 4.139370970612709 23.92713318005289 159.83396651121686 17.609985815854575 279
./resumbk_mve.sh 7.712602161836368 15.705362908565242 92.55575863813108 47.949569939909686 280
./resumbk_mve.sh 7.498590017121775 18.176921582140697 157.98276398801184 35.106714530731665 281
./resumbk_mve.sh 3.496627722758504 39.61717837029303 130.83311683032488 21.5691288939403 282
./resumbk_mve.sh 5.905680714495618 23.074857038759454 2.369219195406799 39.52486132945837 283
./resumbk_mve.sh 3.1692527311758183 20.016825007539087 154.07838073860702 45.08800172908189 284
./resumbk_mve.sh 6.084935169080037 15.391075480168311 160.2026470205229 45.77122827390162 285
./resumbk_mve.sh 3.5659588402991087 15.56121379843178 149.2325150315446 20.865745486779666 286
./resumbk_mve.sh 2.4911872564197366 10.290735124827208 183.01672954460528 39.3825425746946 287
./resumbk_mve.sh 9.747728817768458 37.47159753417773 181.98021906296637 24.420476661453872 288
./resumbk_mve.sh 1.0263573994180333 32.14996732626558 164.9224020519819 16.681575213846923 289
./resumbk_mve.sh 6.4874938436504515 33.383887109995484 151.98445006646702 18.688959280183973 290
./resumbk_mve.sh 5.249606634300932 13.556225314130744 103.98084130323038 7.984351842731239 291
./resumbk_mve.sh 4.658525097855312 26.58324472572425 77.63289840634754 3.521427212412435 292
./resumbk_mve.sh 5.360343823074479 25.836331927551115 141.1645286578598 27.368943919749285 293
./resumbk_mve.sh 2.396223300909592 25.485412668517554 146.24425298679975 20.990469877307156 294
./resumbk_mve.sh 9.509074508088615 37.67626018375674 162.83649848454462 44.81446183245937 295
./resumbk_mve.sh 2.365175420240215 34.6225481148098 117.03519188843897 23.847826378629872 296
./resumbk_mve.sh 1.7836392044359415 34.88719161569906 153.58472125550844 14.654750480070767 297
./resumbk_mve.sh 6.886101164464146 11.318162864469063 155.25226393889727 22.948816772354828 298
./resumbk_mve.sh 2.8023878985915665 37.77252738370692 162.55826679550003 30.774354269978648 299
./resumbk_mve.sh 8.106214205737757 14.83636545943251 175.5746366948274 36.44744412880631 300
./resumbk_mve.sh 1.1180777269959925 12.0923563171913 182.83489072164292 29.825089378360225 301
./resumbk_mve.sh 1.2982012808229055 35.35043994408876 60.016495892968194 26.604220051798105 302
./resumbk_mve.sh 8.212825424667242 32.67712514761712 183.60750211023964 11.439303379751237 303
./resumbk_mve.sh 4.432047294005321 29.55476395006824 42.79509532482459 29.24848011056435 304
./resumbk_mve.sh 9.553813739037402 33.703635479249016 183.2926523152934 31.42132099570733 305
./resumbk_mve.sh 1.954987937285097 31.43738292342807 171.15625297220427 51.12926520194892 306
./resumbk_mve.sh 9.812356416365645 34.39357364162523 24.529520979025705 28.16260443929497 307
./resumbk_mve.sh 4.978575048521978 38.32418197847292 124.29639430723363 34.36186181041303 308
./resumbk_mve.sh 2.494005730811229 32.34648983846474 107.16880481256052 27.718386076143187 309
./resumbk_mve.sh 5.6429782100670876 13.87838986528162 174.28349457826633 39.26907904733121 310
./resumbk_mve.sh 5.774973993204757 19.45307761680647 11.773356397145207 50.498536124779775 311
./resumbk_mve.sh 6.3290764906241925 28.407336730396548 87.94156460836597 3.859929842471699 312
./resumbk_mve.sh 6.429956455130973 32.72854553248028 99.99832154973866 31.7189125958005 313
./resumbk_mve.sh 9.574778839168411 30.123544892341776 90.14749100719096 18.56741850037064 314
./resumbk_mve.sh 7.618711397696813 38.00144581029711 175.88195612269993 7.364520138338565 315
./resumbk_mve.sh 6.315153531328147 30.09015856405743 183.74411874618036 45.70205397641592 316
./resumbk_mve.sh 6.019319741825032 13.048167481387306 114.77803524863113 32.92966040440094 317
./resumbk_mve.sh 1.43652820747418 21.09913415552771 162.31923073101925 43.04642258653761 318
./resumbk_mve.sh 3.9843707712345084 27.399913190973248 156.1957601556061 23.941315359218667 319
./resumbk_mve.sh 6.985181066208879 32.075827211964324 48.6278127804197 10.093000603919268 320
./resumbk_mve.sh 9.322465650519952 29.336237521742863 115.41527911227622 16.945626285245748 321
./resumbk_mve.sh 8.382503843025694 34.713761698184626 83.37488190117305 39.13014668287466 322
./resumbk_mve.sh 5.043124223832833 33.15729798578062 181.5356615274478 43.331080804844234 323
./resumbk_mve.sh 1.5073127533606883 35.9301090397385 100.42459361586894 14.139921768872679 324
./resumbk_mve.sh 5.4375539134429305 18.228087901001075 150.0238471585187 8.49224788607749 325
./resumbk_mve.sh 4.825555865837566 15.596824969244064 172.74626384089254 17.91166970174974 326
./resumbk_mve.sh 9.680108722361004 38.5188869570724 168.6131700896391 26.357975988576463 327
./resumbk_mve.sh 7.786485972040507 25.62882913798977 65.02562934881415 49.43231950398599 328
./resumbk_mve.sh 4.716651471973756 25.03469419755921 45.76996831300717 30.96070802925217 329
./resumbk_mve.sh 2.523767079809339 21.917325656121584 179.77667281255034 32.566116889570836 330
./resumbk_mve.sh 1.8752511670382614 12.232295315602288 108.92157423834735 6.188883668311759 331
./resumbk_mve.sh 3.749703456291784 32.47777469108908 160.72728472225293 39.6690159751251 332
./resumbk_mve.sh 1.479163870101751 23.780895090891924 131.7411881778152 15.490476878357489 333
./resumbk_mve.sh 8.935498352593898 39.40234211607009 176.20000890312514 24.96104946848562 334
./resumbk_mve.sh 7.992674383855656 12.711350150837022 176.46424844964608 43.57944562704187 335
./resumbk_mve.sh 2.658557817258643 23.718214891766337 125.84960423495247 16.776189720658106 336
./resumbk_mve.sh 1.7483298567350878 38.044798267659914 181.15350019219963 12.504503361311173 337
./resumbk_mve.sh 9.407106575269768 12.919873107325788 154.682650195762 12.829550434271585 338
./resumbk_mve.sh 8.689937809636897 30.328149629620793 172.9943911397269 46.601454812556725 339
./resumbk_mve.sh 4.492302869295326 28.129839994659587 133.4588844396842 38.51196047080106 340
./resumbk_mve.sh 3.754309415386275 27.076278602406084 142.7712121476255 32.46221268220248 341
./resumbk_mve.sh 9.158344971946338 26.662844998954007 161.42945431234676 49.2091252825922 342
./resumbk_mve.sh 1.2788576625650667 38.74480532967321 173.16404908011882 19.06600117418427 343
./resumbk_mve.sh 4.779460175989859 29.773079172787778 122.61822407734115 20.32727976786168 344
./resumbk_mve.sh 5.625600400138626 27.76535659722117 124.82975503412744 51.028183733398656 345
./resumbk_mve.sh 8.94099039847929 38.62015408525225 165.89581159374714 12.66955570810134 346
./resumbk_mve.sh 3.917030445562909 37.05319126630357 174.1569701550001 17.781030198954088 347
./resumbk_mve.sh 1.6894868284733053 23.326724885735285 37.30527725739561 34.58355006265817 348
./resumbk_mve.sh 4.9285403153525404 27.187797909828866 158.37286892545183 6.165845136645965 349
./resumbk_mve.sh 9.34308603944884 32.210136867879584 58.03279656474604 24.740819952545017 350
./resumbk_mve.sh 8.714297167918987 31.67999709808341 172.1161385335096 20.035809913002954 351
./resumbk_mve.sh 8.069961691552864 29.184868365058982 53.55507780483667 34.68735884232964 352
./resumbk_mve.sh 7.342238523394292 21.190118954614007 154.3950131642238 30.625582331410207 353
./resumbk_mve.sh 6.594184826949809 36.734628129130954 176.828612806224 38.67920019005327 354
./resumbk_mve.sh 3.5989987625510116 28.69299791248694 166.32256317076667 8.565267089629476 355
./resumbk_mve.sh 9.47173960542786 17.317428603584048 145.81586015376234 8.894024883072937 356
./resumbk_mve.sh 6.705008571125624 28.087654841625945 139.83465392854424 29.604915483303653 357
./resumbk_mve.sh 8.240966750797517 13.767486527930828 164.78337921685434 8.31804026807091 358
./resumbk_mve.sh 4.479399240093797 31.75792176781918 169.93818148784177 9.558934873281592 359
./resumbk_mve.sh 2.9129546481600395 14.895864561179481 116.44491796204136 4.745691839768694 360
./resumbk_mve.sh 2.077519172452944 26.03710311654136 172.54887790700954 40.58265804858059 361
./resumbk_mve.sh 3.635242145501238 24.328655212264522 130.42710470420366 33.44026969534336 362
./resumbk_mve.sh 7.814456904678167 20.628435030542562 70.09190291039044 14.870170247269927 363
./resumbk_mve.sh 6.815839009604256 26.40075668121103 14.086119155288266 5.200111567626215 364
./resumbk_mve.sh 7.118828881275097 37.876955037605654 109.36248977774939 36.64449410879902 365
./resumbk_mve.sh 2.443695199488246 33.666218460265846 131.5888780299682 9.431679395370898 366
./resumbk_mve.sh 8.59418876730174 21.374037670529425 172.41292025643529 29.908192983920348 367
./resumbk_mve.sh 3.8649839164776623 30.206334055480212 140.70391024959096 16.235247866814003 368
./resumbk_mve.sh 3.386596722868294 23.454416794554646 110.6563283646633 9.009287918457902 369
./resumbk_mve.sh 5.456135627395805 22.300594984291592 164.3640024675929 32.056866689398134 370
./resumbk_mve.sh 9.761383258290685 37.60384909532428 147.6413791460317 8.336489404571434 371
./resumbk_mve.sh 5.004539978519523 18.91608009307259 177.5959488486185 24.108026867282216 372
./resumbk_mve.sh 9.057140341628376 16.813797479941865 122.28812230661721 50.424327589737736 373
./resumbk_mve.sh 7.09994451616774 29.65225795421654 137.9089337573393 37.56342455462133 374
./resumbk_mve.sh 4.407343435589374 16.152338093924488 178.83907789832995 21.434301319194287 375
./resumbk_mve.sh 2.5785477857333934 37.41953414854153 124.097853967155 16.46542742359166 376
./resumbk_mve.sh 1.8194758725809121 20.96858780257265 67.36914719456342 13.507308301936298 377
./resumbk_mve.sh 1.0632103209932608 20.614288981254884 63.9053003037995 18.376814519744215 378
./resumbk_mve.sh 2.5316045578591035 27.980655512447004 107.80179838949493 29.18045443882759 379
./resumbk_mve.sh 8.972345993863984 28.424260937457895 157.8199443573076 42.8881813975228 380
./resumbk_mve.sh 5.198294944183042 39.92729779806915 78.62091299949158 10.519314355171506 381
./resumbk_mve.sh 9.254790012310893 15.067670287185098 66.43455327408202 51.33144470616649 382
./resumbk_mve.sh 9.448560197378962 34.06606254138463 159.10999530950946 20.690691892802203 383
./resumbk_mve.sh 2.420570538124644 13.462331879449305 159.66343798003743 26.089694922675974 384
./resumbk_mve.sh 3.3976362094837063 31.3587598718331 149.61348949470704 14.416453317822182 385
./resumbk_mve.sh 1.8451875879760535 25.314623703350563 131.00741890838023 37.25734450724553 386
./resumbk_mve.sh 9.396213727469803 22.415988290974667 55.7461803307893 47.64607253153813 387
./resumbk_mve.sh 3.137658023576064 20.436766084564702 156.9367595669005 38.37802156286701 388
./resumbk_mve.sh 7.959002789660774 19.029152950227925 21.41474451309071 38.589143598646615 389
./resumbk_mve.sh 5.235162445144606 14.061052908068582 161.56740338501444 11.674250403557274 390
./resumbk_mve.sh 9.042750826164074 30.587391480558487 181.0054732023108 19.66785734796302 391
./resumbk_mve.sh 3.728338350676278 29.95257358434015 117.72150138314724 30.25555948974738 392
./resumbk_mve.sh 4.079260640668686 19.264532218331187 134.46147217827968 2.6453667476548617 393
./resumbk_mve.sh 5.652293375783527 17.922518244523804 173.27650757779352 46.32878355923018 394
./resumbk_mve.sh 8.230784168719678 14.755583995492596 152.90705921644917 29.589030615167285 395
./resumbk_mve.sh 9.142239860575764 22.109334595556533 180.91087330253444 6.697131415671821 396
./resumbk_mve.sh 2.271907281148046 11.521663636324647 128.6975796840738 30.991478149264132 397
./resumbk_mve.sh 2.5493965729924084 26.97153409645572 69.48450560708532 34.48452745928403 398
./resumbk_mve.sh 9.001952218846553 39.00999361982735 162.53749984939876 39.8187600210516 399
./resumbk_mve.sh 7.206895801121922 31.119512979154976 122.68832418486984 20.106153874279258 400
./resumbk_mve.sh 4.030722943535885 17.14760836869939 121.86856450762033 17.99745493926375 401
./resumbk_mve.sh 3.311530564739125 18.342622303754727 105.01476187323523 9.922697129869622 402
./resumbk_mve.sh 5.229131167675735 35.30995684694672 179.11836985127186 47.251768028789584 403
./resumbk_mve.sh 3.8835271548657513 20.77075658450439 165.96475540406533 27.765327770234503 404
./resumbk_mve.sh 4.1858119058277925 33.53996348363975 169.7960042569573 16.201446946708195 405
./resumbk_mve.sh 1.3793538244905434 31.564544563256202 180.53085060939364 19.6425311282891 406
./resumbk_mve.sh 5.732655615233452 14.60012447761455 173.57636755649676 17.4776375018067 407
./resumbk_mve.sh 6.809232066934693 18.809782531925265 181.4587516551494 41.52641180305868 408
./resumbk_mve.sh 2.9947852729366384 28.334698602681406 91.60363640082853 7.182832943507047 409
./resumbk_mve.sh 3.6916315755273685 33.89700963903503 166.41937367918405 37.16370400421791 410
./resumbk_mve.sh 1.1826489682409576 12.608118250607186 132.96854482963687 6.781370090613344 411
./resumbk_mve.sh 1.4155708233566064 27.0114410246814 152.96270473903257 46.46585230604168 412
./resumbk_mve.sh 3.5305494258206 22.53763024882496 132.74533765876794 22.85041806534954 413
./resumbk_mve.sh 7.397567003165786 14.327839855390774 173.4531854111374 42.78020816770328 414
./resumbk_mve.sh 3.0622652435259683 27.750426434048634 127.85043031337811 40.87080877246393 415
./resumbk_mve.sh 9.695665602049715 35.82130068115016 167.3783059882649 28.447872559109214 416
./resumbk_mve.sh 3.6776861839201307 36.226232053398945 103.00531763158472 51.26540254663633 417
./resumbk_mve.sh 8.635121766683282 24.618731144300575 127.7181895348646 19.51953539368247 418
./resumbk_mve.sh 5.165979908678599 34.74155111682781 149.5010699003628 40.08673200448468 419
./resumbk_mve.sh 2.8420796564641955 33.16334937669309 129.82490179648053 36.14364126234242 420
./resumbk_mve.sh 2.942925477499819 11.703472384418623 120.10838776752921 13.350400922467161 421
./resumbk_mve.sh 3.0272924336942 32.08502827577502 159.96077831883633 31.151186417464114 422
./resumbk_mve.sh 2.201740813875387 35.74780278236419 117.12522271824511 23.169208487561733 423
./resumbk_mve.sh 7.080121094446844 20.45132712235772 179.6698725198644 5.707769040002238 424
./resumbk_mve.sh 9.543161408518921 10.463972898847869 32.003566889164844 25.10114967935692 425
./resumbk_mve.sh 5.391103724230158 20.12592818712217 178.14562632705753 15.704014300199107 426
./resumbk_mve.sh 1.9295723193524508 17.245889421142632 164.05093758254594 41.38497305322626 427
./resumbk_mve.sh 4.543499939005214 22.041989819925185 136.3406896735633 9.695989039306342 428
./resumbk_mve.sh 7.847539436314185 34.155593551640415 167.28406715454037 22.249448033399748 429
./resumbk_mve.sh 2.349331470021105 20.06393257018162 99.18933810308137 45.50085932315713 430
./resumbk_mve.sh 6.27067782478624 10.936762364100762 63.678713341772095 35.98956863334087 431
./resumbk_mve.sh 5.587992173178313 28.994570257139376 170.88738873207066 37.67980202022812 432
./resumbk_mve.sh 7.03415410039816 11.083851162017396 120.68350612588935 9.373042877297713 433
./resumbk_mve.sh 6.116023930986552 25.975770315191028 117.9769914361594 5.474391512623831 434
./resumbk_mve.sh 1.6042689954823681 22.611577356932216 141.5853267373831 25.9290323311118 435
./resumbk_mve.sh 5.713204739293814 15.509044494011818 144.3611783243146 22.979383209546675 436
./resumbk_mve.sh 4.2854456426305765 30.651358991388616 168.29221542923727 30.18157937535447 437
./resumbk_mve.sh 3.159119945898569 32.89088423901208 165.18254787337452 23.371466443238837 438
./resumbk_mve.sh 5.927532470880704 19.659765130645013 169.171958341775 25.18241107449411 439
./resumbk_mve.sh 3.5784886996228735 11.666526381215764 101.40532194445355 28.534190131120017 440
./resumbk_mve.sh 5.1170580944773825 38.57438106256821 112.81848343864351 13.482382232979326 441
./resumbk_mve.sh 4.3521094830728915 30.553865700657504 169.042916632387 28.353631978978644 442
./resumbk_mve.sh 6.166796075741131 35.112317095039586 166.6282926095822 38.8849844287567 443
./resumbk_mve.sh 4.743104915601766 30.438762942611973 176.72318230909846 21.034877634585406 444
./resumbk_mve.sh 6.605352031521118 18.01508884522591 149.04462563605014 4.35337487666997 445
./resumbk_mve.sh 6.491397894867455 39.74004395191956 43.583313193317316 17.535551794819657 446
./resumbk_mve.sh 4.856351747746672 17.801142965192987 111.55345135166549 14.041367355916169 447
./resumbk_mve.sh 9.965412253403336 21.276275040848333 94.4912037557553 5.52406883049784 448
./resumbk_mve.sh 1.4013824090498763 27.31813549005728 143.64590187535413 44.502477268982794 449
./resumbk_mve.sh 5.092244291222018 21.769367058795247 156.84344315432543 30.57565611849526 450
./resumbk_mve.sh 2.167660568527743 38.28278784879795 175.7133042128152 18.879750026403936 451
./resumbk_mve.sh 2.7639667429410966 38.87255677772909 34.49319501468758 14.356110857631148 452
./resumbk_mve.sh 6.760458164157281 38.231189840157676 168.70782492861375 35.6394533733707 453
./resumbk_mve.sh 1.4860822387955688 16.91747285417733 80.54593506142143 8.047269261325122 454
./resumbk_mve.sh 5.073908330158726 32.8432289306937 106.80190280720038 27.185104081721818 455
./resumbk_mve.sh 1.764587862873718 24.09106193957555 162.1813881782362 3.1584583133060518 456
./resumbk_mve.sh 5.401773669138545 18.860023940451324 165.04343868971847 12.751097050459455 457
./resumbk_mve.sh 3.946496761682821 39.96682807708004 113.92121927809424 27.340388444301798 458
./resumbk_mve.sh 7.415705761741563 14.930474213990275 47.1024975266925 40.44676780350867 459
./resumbk_mve.sh 6.449223696271563 36.0382216067007 183.10958287753112 20.226009243102794 460
./resumbk_mve.sh 7.144542724242728 37.92151046729089 61.06989831490272 22.42915073718116 461
./resumbk_mve.sh 7.692028835846917 31.87403889883502 132.28237409058036 36.98038448151295 462
./resumbk_mve.sh 8.12391607183197 28.7753915119258 104.65213811978614 21.152656620102878 463
./resumbk_mve.sh 6.10008895942522 11.389209264753628 176.31973315637805 24.61756656275288 464
./resumbk_mve.sh 6.283453219685172 14.288962113930756 144.8727547809969 44.63682866349591 465
./resumbk_mve.sh 6.994771954218517 20.20430430190965 118.73237728243744 19.451456446859925 466
./resumbk_mve.sh 5.982664650502837 24.675451090023085 142.63381993729757 15.864767819307081 467
./resumbk_mve.sh 3.236846622294921 33.99252425583885 143.12274401274988 44.312755253593366 468
./resumbk_mve.sh 3.7832126256416108 28.019307151770796 45.068571486803904 13.648045197192323 469
./resumbk_mve.sh 1.8960490220544577 26.14067888916071 170.09090920255707 21.749851127547785 470
./resumbk_mve.sh 4.903037316669686 36.63650775970466 181.65791550319497 37.466711307120484 471
./resumbk_mve.sh 3.2773568094494503 22.285499989326244 34.90598027624529 4.519334852721718 472
./resumbk_mve.sh 9.07507325604216 25.476556851345645 129.39963435065044 40.769482268855036 473
./resumbk_mve.sh 9.124367265539977 36.16354673325462 147.12248622156244 46.838095479426904 474
./resumbk_mve.sh 9.825021843678051 24.856363098835423 70.9986978655186 43.195933821556444 475
./resumbk_mve.sh 6.293380331005296 19.890774260439443 61.51718825065335 37.09564813005881 476
./resumbk_mve.sh 3.202255217568945 29.69322391775478 169.53175890796413 20.389618185241602 477
./resumbk_mve.sh 8.274337503727695 37.57962809161324 139.37401496592383 16.91315116268217 478
./resumbk_mve.sh 7.554635894016991 12.48031143967663 158.57470443104367 31.98030886289929 479
./resumbk_mve.sh 2.321440365106991 15.667223079609013 141.35682644929858 43.554152455191414 480
./resumbk_mve.sh 5.030943381060757 30.928018732801835 178.9671401861696 42.711391835091376 481
./resumbk_mve.sh 7.368191708279662 35.41430160847787 165.58057340163813 38.170930045497265 482
./resumbk_mve.sh 8.011777342723406 39.35217959362658 177.8487113029614 4.9465082280258095 483
./resumbk_mve.sh 7.063568117956228 33.03533627161838 139.99576022941653 48.165082120675024 484
./resumbk_mve.sh 7.481242123008296 16.995392725165573 82.49510075160323 6.410129865861924 485
./resumbk_mve.sh 4.390529320904377 14.625756751251615 145.32542816877162 31.29704619990304 486
./resumbk_mve.sh 5.283567648100801 16.188141957321996 147.9479288300225 49.91998387878826 487
./resumbk_mve.sh 4.108429380773519 26.501499160307397 123.29301118610364 39.91606429069031 488
./resumbk_mve.sh 7.387415705148126 33.63868728072167 145.43160029913233 4.637377447752375 489
./resumbk_mve.sh 1.856129846452026 21.030740406678493 178.6040285344732 11.863531236033852 490
./resumbk_mve.sh 2.6274394169453936 10.88361375585224 170.5619733157706 13.89846554804726 491
./resumbk_mve.sh 8.55995398005437 18.56342613582322 167.95058359555117 33.87930705828879 492
./resumbk_mve.sh 4.951811982740762 12.372139408548724 175.52980545644147 15.60557421609797 493
./resumbk_mve.sh 3.0778384378579493 39.57529896553555 153.28682719444345 49.654813363106136 494
./resumbk_mve.sh 2.460867974209578 15.978200790867977 142.2046671340011 34.88268114559071 495
./resumbk_mve.sh 6.72310951400668 33.31056345520731 155.03816772053426 25.27259318286625 496
./resumbk_mve.sh 8.598692925455339 12.213475423482235 154.22359677721317 38.41921134129833 497
./resumbk_mve.sh 8.902291328033652 29.03657992609113 180.11693297925981 44.849799642119045 498
./resumbk_mve.sh 9.66046047819447 23.192521079591902 144.53814808335605 3.7001507248439536 499
